2026-01-20,429.3600,430.7250,417.4400,419.2500,62208186
2026-01-21,421.6600,438.2000,419.6201,431.4400,68123987
2026-01-22,435.1600,449.5000,432.6300,449.3600,71546729
2026-01-23,447.4250,452.4300,444.0400,449.0600,56771364
2026-01-26,445.0000,445.0400,434.2800,435.2000,49397415
2026-01-27,437.4100,437.5200,430.6900,430.9000,37321502
2026-01-28,431.9100,438.2600,430.1000,431.4600,54857403
2026-01-29,437.8000,440.2299,414.6200,416.5600,81686127
2026-01-30,425.3500,439.8800,422.7000,430.4100,82626066
2026-02-02,421.2900,427.1500,414.5000,421.8100,58739455
2026-02-03,424.2700,428.5600,413.6901,421.9600,56269638
2026-02-04,420.4600,423.9000,399.1800,406.0100,74606873
2026-02-05,397.0150,402.1000,387.5309,397.2100,72819838
2026-02-06,400.8700,414.5500,397.7510,411.1100,62677144
2026-02-09,409.9050,421.2500,407.2900,417.3200,54484258
2026-02-10,418.0800,427.2500,417.0000,425.2100,64450233
2026-02-11,427.9550,436.3500,420.0300,428.2700,57361989
2026-02-12,430.3000,436.2300,414.0000,417.0700,61933359
2026-02-13,414.3050,424.0600,410.8800,417.4400,51434147
2026-02-17,412.3600,413.7200,400.5100,410.6300,59678789
2026-02-18,411.1100,416.9000,409.5800,411.3200,45921402
2026-02-19,407.2500,415.2499,404.1100,411.7100,51019638
2026-02-20,408.3000,414.7000,405.5000,411.8200,57912225
2026-02-23,407.2850,407.7000,394.0400,399.8300,69680026
2026-02-24,399.5000,410.8200,397.6400,409.3800,58579482
2026-02-25,412.1500,420.3400,412.1500,417.4000,54809704
2026-02-26,414.4200,416.8100,403.6600,408.5800,53602497
2026-02-27,402.9400,407.1200,398.1100,402.5100,56890097
2026-03-02,390.6000,404.5400,388.2500,403.3200,55088338
2026-03-03,395.0900,396.3400,385.3900,392.4300,62617298
2026-03-04,397.8450,408.3300,394.5800,405.9400,68305513
2026-03-05,401.5700,408.6200,399.4200,405.5500,51925898
2026-03-06,398.0900,402.3500,394.2100,396.7300,64054561
2026-03-09,390.0500,401.5900,381.4000,398.6800,67018911
2026-03-10,402.2200,406.5900,398.1900,399.2350,59258743
2026-03-11,402.2800,416.3799,402.1500,407.8200,62559930
2026-03-12,405.1750,406.5000,394.6500,395.0100,60973793
2026-03-13,399.1650,400.2000,389.9500,391.2000,58504091
2026-03-16,396.2200,403.7300,394.4200,395.5600,58068343
2026-03-17,395.6900,400.1200,393.0000,399.2700,46890467
2026-03-18,399.0000,403.0650,392.3100,392.7800,50853149
2026-03-19,387.2700,387.2700,378.7300,380.3000,67078259
2026-03-20,379.8500,379.8900,364.4601,367.9600,78628603
2026-03-23,373.0900,385.3300,372.7300,380.8500,74606049
2026-03-24,376.5600,387.4800,376.3100,383.0300,60004909
2026-03-25,389.9900,396.2300,385.0100,385.9500,55157265
2026-03-26,381.6000,384.4400,371.8700,372.1100,55522879
2026-03-27,369.6900,369.8600,359.4700,361.8300,62065659
2026-03-30,365.8600,367.2900,352.1400,355.2800,67954405
2026-03-31,361.5100,373.3300,361.0000,371.7500,75534934
2026-04-01,378.6300,383.1400,374.0800,381.2600,58683752
2026-04-02,364.1950,370.2800,359.0300,360.5900,83031226
2026-04-06,362.5900,367.7200,346.6400,352.8200,77697643
2026-04-07,346.4400,348.0200,337.2400,346.6500,74515355
2026-04-08,363.7900,364.5000,339.6700,343.2500,78838616
2026-04-09,343.1500,348.8800,337.2500,345.6200,62164016
2026-04-10,346.2850,350.3600,342.7400,348.9500,51336034
2026-04-13,350.0650,356.3500,348.5700,352.4200,53617477
2026-04-14,357.6700,367.6300,354.7700,364.2000,59979607
2026-04-15,366.8300,394.6500,362.5000,391.9500,113810355
2026-04-16,393.8100,394.0600,381.8000,388.9000,63515136
2026-04-17,395.9200,409.2800,391.6500,400.6200,90640032