2026-01-20,316.1000,324.4900,315.7002,318.2300,9227009
2026-01-21,319.4800,328.6900,316.9100,325.2400,7913957
2026-01-22,332.9900,333.0300,317.4600,318.7900,6036095
2026-01-23,318.9800,323.6399,311.0700,322.3800,6200984
2026-01-26,322.0000,322.0000,316.5700,319.4600,4777183
2026-01-27,324.4450,336.4700,323.2850,332.7100,7888088
2026-01-28,341.9300,344.0400,332.9600,336.7500,8470041
2026-01-29,340.7350,344.6000,328.8800,341.3400,7350542
2026-01-30,332.9250,340.9500,321.5400,322.3200,9814060
2026-02-02,320.6000,330.4400,319.8500,328.4000,7409582
2026-02-03,336.9400,338.4400,311.9500,318.6700,10520298
2026-02-04,323.9900,323.9900,287.4901,297.6000,14719408
2026-02-05,300.0700,304.3500,292.3200,303.9900,8514321
2026-02-06,309.4100,324.3999,308.2962,322.5100,8344434
2026-02-09,317.5600,332.4000,316.1000,330.5700,7458948
2026-02-10,329.8550,334.6100,321.5200,329.0700,6785829
2026-02-11,337.9050,344.3400,330.8900,339.8800,7160914
2026-02-12,339.8800,341.0700,325.5600,328.3900,9764434
2026-02-13,364.9500,376.3200,353.2600,354.9100,15706020
2026-02-17,351.0000,362.6300,347.6600,359.1300,8791276
2026-02-18,361.6300,373.9950,359.2600,369.3000,8784291
2026-02-19,362.2000,370.0700,360.4000,369.8300,6640140
2026-02-20,366.2650,377.1100,366.2650,375.3800,8178683
2026-02-23,372.4000,378.8599,369.6800,373.5500,6077445
2026-02-24,376.5900,380.5100,368.0010,377.9300,5711768
2026-02-25,385.0000,395.9500,384.0000,394.9500,9745022
2026-02-26,391.8000,393.4700,366.5401,375.7200,7717136
2026-02-27,365.9400,378.5800,365.6115,372.3000,9041372
2026-03-02,366.5800,373.8100,363.2800,372.1800,5802068
2026-03-03,350.9000,359.5300,348.5934,351.3200,7982042
2026-03-04,359.2200,362.3400,350.7001,357.7600,5980360
2026-03-05,351.0350,354.7600,336.3000,346.5300,5905738
2026-03-06,329.5200,341.4000,321.7400,324.7400,8655215
2026-03-09,320.4800,339.1600,316.6600,338.9400,9504107
2026-03-10,339.8500,355.2750,339.0000,345.8800,6121075
2026-03-11,348.0000,353.0000,343.5300,351.0700,4517227
2026-03-12,344.1900,345.4800,334.0100,337.2700,5978201
2026-03-13,342.4700,349.2499,340.2800,341.5300,5332197
2026-03-16,347.7000,350.7499,343.5700,346.1800,4427025
2026-03-17,346.1800,352.8145,343.0100,352.4600,4833889
2026-03-18,353.3900,357.8550,349.2300,349.4700,5170497
2026-03-19,340.7400,359.0500,338.0900,357.2100,6459706
2026-03-20,359.7700,362.0000,346.6600,357.0600,17587864
2026-03-23,367.8200,374.2500,361.4500,361.7900,6490661
2026-03-24,358.1600,379.9900,358.0000,373.9900,6406241
2026-03-25,371.0000,375.6800,360.6600,369.3400,5052006
2026-03-26,358.3650,359.4800,337.5300,338.5500,9260967
2026-03-27,337.6300,345.6924,334.3400,337.1700,5984796
2026-03-30,344.0000,344.5400,320.6900,323.1200,6568103
2026-03-31,328.8300,342.0600,325.4600,341.7900,8335566
2026-04-01,345.2850,359.0000,341.4300,353.8000,5974768
2026-04-02,338.0000,354.3100,337.2500,348.4700,4269444
2026-04-06,351.0200,353.4950,345.8300,352.6200,2505516
2026-04-07,348.1450,356.0000,345.5000,354.3100,4024802
2026-04-08,378.8900,389.3000,377.7800,385.7200,7628526
2026-04-09,385.2450,398.7426,385.1300,397.8100,5373571
2026-04-10,402.5000,407.2900,398.9800,399.4900,6399905
2026-04-13,397.8450,400.5000,389.5900,395.7300,5246628
2026-04-14,400.0000,401.0500,391.0100,395.6400,5353210
2026-04-15,389.2100,394.6100,379.6800,394.2600,5925119
2026-04-16,388.9500,393.5100,384.3000,389.9000,5112999
2026-04-17,397.7450,400.5000,390.4050,396.9400,6017902