2026-01-20,212.1000,216.0000,204.3100,206.0700,1492041
2026-01-21,208.4000,210.2600,202.9400,209.5200,1141475
2026-01-22,211.2700,211.7800,204.8500,206.3300,1147535
2026-01-23,206.9600,207.9600,202.5000,207.7500,603057
2026-01-26,206.7200,211.2700,204.5010,206.0400,982390
2026-01-27,205.9500,214.1300,203.1800,212.4000,1026522
2026-01-28,213.0600,216.5295,206.8100,216.3000,1324639
2026-01-29,217.3900,219.8501,205.1300,210.1800,1134196
2026-01-30,206.5000,211.9999,202.5700,205.4300,766971
2026-02-02,202.9200,206.7450,201.1000,206.0400,735655
2026-02-03,210.0000,212.9900,204.4900,210.8800,759371
2026-02-04,211.0000,211.0000,183.5101,190.1000,1923580
2026-02-05,186.1100,192.2837,184.2500,187.4200,1111503
2026-02-06,193.4900,198.7900,192.0000,197.1900,1267630
2026-02-09,197.5800,206.4600,196.5200,203.0000,961109
2026-02-10,203.5000,203.5000,198.2216,199.8300,846104
2026-02-11,203.0000,204.6200,194.1300,198.5000,599133
2026-02-12,203.0100,205.9100,196.6000,196.9000,656603
2026-02-13,198.0700,202.7900,193.2801,200.4000,833201
2026-02-17,197.4700,203.0800,195.9400,201.0900,532547
2026-02-18,203.2600,206.0000,200.0000,202.2500,511090
2026-02-19,201.6700,209.2200,201.1700,209.0700,552726
2026-02-20,207.7400,212.7000,202.8001,206.4400,824042
2026-02-23,204.0000,206.0023,197.6200,198.3800,989039
2026-02-24,211.4800,215.8100,200.5459,204.2300,1404631
2026-02-25,206.8800,211.0299,203.9850,208.2700,1101340
2026-02-26,209.4900,210.9300,201.0900,207.2400,1098042
2026-02-27,203.6300,207.5800,202.6100,205.9800,800666
2026-03-02,204.7300,218.6499,204.6900,216.4700,1253052
2026-03-03,210.9400,212.7300,199.7850,205.8300,1093968
2026-03-04,205.7500,208.9300,201.0100,205.5700,678021
2026-03-05,202.5000,204.2100,190.0300,195.5000,1274309
2026-03-06,190.0000,198.7500,189.3400,195.2300,728922
2026-03-09,194.0000,201.5050,193.2250,200.3900,1027859
2026-03-10,199.9650,202.4300,195.6700,195.9100,816897
2026-03-11,194.9000,199.1399,193.2500,195.9800,811951
2026-03-12,196.0300,199.5000,191.0000,197.8200,1198940
2026-03-13,200.0000,200.6150,188.8400,194.1300,1375716
2026-03-16,197.3100,205.9600,197.2950,204.6700,1429443
2026-03-17,203.5700,208.1300,202.9300,207.4800,915768
2026-03-18,207.4800,212.5200,206.4900,208.9800,1142230
2026-03-19,202.0400,212.8699,200.5500,210.1200,1060978
2026-03-20,209.6600,211.5099,197.2200,199.7500,1632860
2026-03-23,199.8200,210.2200,199.8200,204.8500,789434
2026-03-24,203.0000,208.3050,202.2500,204.7600,802635
2026-03-25,211.3500,222.2900,209.7600,222.1300,1348408
2026-03-26,217.7200,219.8000,204.5000,205.0900,1471157
2026-03-27,202.8000,207.9699,202.0000,202.5900,923477
2026-03-30,204.1900,204.3650,189.0000,191.5900,1038499
2026-03-31,195.0900,205.7400,194.2950,204.4900,1011175
2026-04-01,206.5900,216.0700,206.5900,212.8100,1125113
2026-04-02,207.0000,218.8500,205.0690,214.9800,679784
2026-04-06,217.1200,218.7700,214.3900,215.9800,693919
2026-04-07,215.8200,218.0900,211.6983,214.4400,829809
2026-04-08,224.0900,233.1700,224.0000,231.7800,1576663
2026-04-09,231.4000,237.9000,230.2400,230.2900,1112250
2026-04-10,230.3800,233.6800,228.4729,229.5700,759785
2026-04-13,229.0100,234.2700,228.0000,232.8300,673778
2026-04-14,236.3200,239.6400,233.5200,238.2700,710708
2026-04-15,238.2100,240.4075,235.3301,238.4200,782480
2026-04-16,240.0000,241.8200,230.4300,230.8000,1020842
2026-04-17,233.8000,238.2400,232.3800,235.7800,1385396