2026-01-20,340.7900,342.1500,326.9000,327.1600,22526173
2026-01-21,333.4300,333.6400,325.6800,326.1200,16789752
2026-01-22,333.4200,335.0500,326.9000,327.3700,12800956
2026-01-23,332.0700,337.1500,331.3701,334.8700,12904448
2026-01-26,332.7900,335.1000,330.2300,332.7100,8646389
2026-01-27,336.5000,341.2500,334.5600,338.3400,11220419
2026-01-28,343.0300,345.5000,338.6600,342.3000,12140053
2026-01-29,339.8000,343.7400,328.2000,339.5500,13844752
2026-01-30,335.4200,339.9000,329.1000,330.5600,12028080
2026-02-02,330.7550,344.2000,329.1000,341.3600,12459096
2026-02-03,345.0700,347.0475,330.0200,335.7500,12449491
2026-02-04,335.6000,338.8000,319.0700,325.7400,18175958
2026-02-05,322.8200,334.5700,319.6500,330.7300,14812040
2026-02-06,337.5000,349.7200,336.6500,348.8500,17025523
2026-02-09,348.7600,359.6000,347.8000,355.4100,14594922
2026-02-10,364.3300,364.7613,356.3900,361.9100,14622132
2026-02-11,370.0750,379.5800,368.3900,374.0900,18651340
2026-02-12,379.0000,380.0000,322.1000,368.1000,16835434
2026-02-13,369.1500,371.1099,360.7700,366.3600,10468150
2026-02-17,361.8650,366.2000,356.2400,364.2000,10063802
2026-02-18,363.8600,369.3899,360.7100,362.2600,7310453
2026-02-19,359.7200,362.8000,357.4400,360.3900,6346478
2026-02-20,359.7800,372.2000,359.1000,370.5400,9009239
2026-02-23,367.0100,373.4299,366.4600,370.0400,9550221
2026-02-24,379.4000,389.1800,376.0500,385.7500,13269457
2026-02-25,390.2050,390.2050,384.8300,387.7300,10948404
2026-02-26,386.1800,386.4746,369.7000,376.8100,14535745
2026-02-27,370.1400,376.6800,368.6200,374.5800,9186555
2026-03-02,365.3600,373.1000,364.6500,369.1100,12571595
2026-03-03,349.5500,355.9800,344.1400,353.1300,18580214
2026-03-04,357.4300,361.0900,354.5500,357.4400,12131052
2026-03-05,354.9000,359.4700,343.8000,353.8600,16249803
2026-03-06,343.5000,348.7199,336.6900,338.8900,13803038
2026-03-09,335.6000,349.4000,331.9200,348.7000,19182765
2026-03-10,348.4700,353.5000,344.3100,347.0900,12985620
2026-03-11,353.9300,357.3500,350.3601,354.5600,10683279
2026-03-12,345.9300,346.8900,336.3800,336.7100,17549421
2026-03-13,343.9200,344.5169,336.2200,338.3100,17299921
2026-03-16,341.2500,344.6300,339.8200,340.2300,11123540
2026-03-17,340.6000,346.7600,338.4000,345.9800,11434604
2026-03-18,345.7750,347.9500,339.3350,339.5700,12632625
2026-03-19,329.2200,339.9000,325.1900,338.7900,15411566
2026-03-20,336.6800,337.6000,325.9000,329.2400,17424155
2026-03-23,331.1000,343.4100,331.1000,338.4500,15857233
2026-03-24,335.5700,344.8800,334.0200,343.2500,9725008
2026-03-25,346.0000,350.4450,343.5000,347.7500,12166926
2026-03-26,339.8200,340.9100,325.3700,326.1100,14560166
2026-03-27,324.8300,329.5600,322.3101,326.7400,14484511
2026-03-30,327.2000,329.6000,313.8000,316.5000,15739952
2026-03-31,322.3100,338.4100,321.1437,337.9500,18487992
2026-04-01,343.9000,348.6800,339.7500,341.4900,15011626
2026-04-02,326.8400,342.0700,326.8000,339.0400,8994644
2026-04-06,339.7500,344.2000,338.6200,341.7600,5884800
2026-04-07,339.4400,345.5300,335.6501,345.3200,6823530
2026-04-08,370.2900,374.3000,359.2350,365.9000,16356897
2026-04-09,363.3000,368.1700,360.7200,365.4900,9245955
2026-04-10,375.5900,378.0000,369.7500,370.6000,13168160
2026-04-13,370.2600,371.4600,366.0500,369.5700,9596254
2026-04-14,379.0400,382.1600,373.2200,379.8900,12859543
2026-04-15,381.4100,381.9800,372.2100,375.1000,14955467
2026-04-16,368.8600,370.2000,360.5500,363.3500,26405777
2026-04-17,373.2000,375.5800,365.1400,370.5000,18419414