2026-01-20,320.8700,327.7300,320.4300,322.0000,34808916
2026-01-21,320.9200,332.4799,319.3518,328.3800,35386603
2026-01-22,334.4500,335.1500,328.7500,330.5400,26253640
2026-01-23,332.4850,333.6889,327.4500,327.9300,27279974
2026-01-26,327.8050,335.8400,327.0000,333.2600,26042120
2026-01-27,335.3650,337.9100,333.4800,334.5500,19722250
2026-01-28,336.0600,337.5350,331.9400,336.0100,27434434
2026-01-29,340.3000,342.2900,326.5400,338.2500,39785612
2026-01-30,340.0000,340.0000,332.2850,338.0000,31023954
2026-02-02,336.2200,344.8300,335.6300,343.6900,32006052
2026-02-03,347.3400,349.0000,337.4745,339.7100,35930599
2026-02-04,342.9600,343.3100,328.5200,333.0400,70618398
2026-02-05,312.2200,332.6900,306.4600,331.2500,88205849
2026-02-06,327.1800,330.3800,319.9200,322.8600,56380484
2026-02-09,320.9300,327.7000,317.2600,324.3200,39640055
2026-02-10,320.9700,321.6700,314.6100,318.5800,39170012
2026-02-11,318.9700,321.0600,309.6600,310.9600,45406405
2026-02-12,312.0900,316.2400,307.2000,309.0000,47761288
2026-02-13,307.7250,308.6300,303.7100,305.7200,38499701
2026-02-17,300.0400,304.4350,296.2500,302.0200,39247556
2026-02-18,302.0900,305.3800,301.2500,303.3300,28482075
2026-02-19,301.8200,305.4700,300.0400,302.8500,25834395
2026-02-20,304.3200,316.5000,303.9000,314.9800,53210820
2026-02-23,319.0450,319.5150,309.8650,311.4900,31422974
2026-02-24,310.5150,312.2700,305.9300,310.9000,25615646
2026-02-25,312.0600,313.6400,309.4400,312.9000,29963621
2026-02-26,312.6400,313.1400,302.3450,307.3800,36431231
2026-02-27,304.1350,312.3700,303.8000,311.7600,44640640
2026-03-02,303.2250,308.4900,301.3000,306.5200,34790203
2026-03-03,298.5900,303.9400,296.7100,303.5800,35496961
2026-03-04,302.8900,305.4700,300.7500,303.1300,29536190
2026-03-05,303.0350,303.3000,297.9900,300.8800,35752321
2026-03-06,296.0900,300.5300,295.1800,298.5200,25576916
2026-03-09,294.3600,306.8000,294.0800,306.3600,29312149
2026-03-10,306.1700,309.5100,305.5704,307.0400,23239684
2026-03-11,306.7500,311.4200,305.9200,308.7000,24125714
2026-03-12,306.8200,308.9400,301.0300,303.5500,24928347
2026-03-13,307.0100,307.6900,300.4400,302.2800,23693092
2026-03-16,304.3500,306.4886,303.0201,305.5600,23519709
2026-03-17,305.8600,311.4200,305.5000,310.9200,21955171
2026-03-18,309.2700,312.4700,306.9320,307.6900,20009815
2026-03-19,304.0050,308.0600,302.3500,307.1300,25075831
2026-03-20,305.4600,306.0000,298.2700,301.0000,44364079
2026-03-23,302.1100,305.9800,300.9300,302.0600,29326946
2026-03-24,299.2000,299.9200,290.3300,290.4400,36864278
2026-03-25,293.4400,296.0000,289.2400,290.9300,29460669
2026-03-26,287.9100,287.9500,278.5000,280.9200,39080578
2026-03-27,277.2750,279.3700,273.9500,274.3400,35890612
2026-03-30,276.4200,277.0900,272.1100,273.5000,35141244
2026-03-31,278.0400,288.0800,277.0900,287.5600,43875400
2026-04-01,290.8350,300.5200,290.4100,297.3900,37684462
2026-04-02,290.6900,298.0800,289.4500,295.7700,21666465
2026-04-06,295.8700,300.6200,295.1800,299.9900,16945494
2026-04-07,302.7250,305.6300,297.7200,305.4600,23205361
2026-04-08,320.4450,322.0800,315.0200,317.3200,33547140
2026-04-09,315.9050,319.5400,311.0600,318.4900,23739173
2026-04-10,320.0150,321.8300,316.3200,317.2400,19152630
2026-04-13,317.1350,321.6300,315.4700,321.3100,18866424
2026-04-14,324.7850,333.2900,323.7500,332.9100,27721351
2026-04-15,332.8900,337.4800,330.9000,337.1200,24918842
2026-04-16,338.7500,339.8800,334.5200,336.0200,20541487
2026-04-17,337.6500,342.3200,336.2400,341.6800,25581881