2026-01-20,83.0100,83.9300,82.5200,83.5100,9683996
2026-01-21,84.0400,84.3900,83.2012,83.8500,8296598
2026-01-22,84.5800,85.5100,83.6700,85.0700,9802319
2026-01-23,85.2500,85.2500,84.2000,84.8100,13302140
2026-01-26,85.2700,86.2800,84.8400,85.4700,10990605
2026-01-27,84.5000,88.9600,83.7950,87.1500,15144347
2026-01-28,87.7200,88.6200,87.0600,87.5700,8200027
2026-01-29,88.5800,89.1900,87.6400,88.1800,11202426
2026-01-30,87.9000,88.2900,86.1600,87.9000,10205296
2026-02-02,88.1400,88.7500,86.3200,86.3300,9423138
2026-02-03,86.6800,88.8900,86.6800,88.8200,9544598
2026-02-04,89.7300,90.6900,88.9600,89.9700,12182745
2026-02-05,90.0000,90.4900,88.0900,89.2100,9799393
2026-02-06,90.5300,90.9900,88.3900,89.4700,8225154
2026-02-09,89.3400,89.7800,88.7500,89.4800,6529158
2026-02-10,89.7300,91.9600,89.2704,90.8300,7213672
2026-02-11,91.3600,91.5900,90.4600,91.3600,7304978
2026-02-12,91.3800,93.5900,91.2300,91.9300,9181583
2026-02-13,91.5200,94.9400,91.0801,93.8000,10402772
2026-02-17,94.9100,95.5600,92.2800,92.7100,9455448
2026-02-18,93.0000,93.0053,90.5900,91.2200,9064757
2026-02-19,91.0600,92.1750,91.0300,91.6400,8483548
2026-02-20,92.1900,92.4500,91.3100,92.1800,7175568
2026-02-23,92.9350,94.1900,92.5900,94.0600,8433555
2026-02-24,94.4000,95.8350,93.9200,95.6800,11597575
2026-02-25,95.6950,95.9100,93.8100,95.1100,9025534
2026-02-26,94.6200,95.0000,91.8500,91.9900,20015713
2026-02-27,90.9000,94.1400,90.6500,93.7700,25138536
2026-03-02,93.4000,93.6500,91.7500,92.7100,10147783
2026-03-03,91.3500,93.1000,90.3300,92.5900,11307700
2026-03-04,92.5600,93.1000,91.6300,92.6000,9384334
2026-03-05,92.3000,92.3800,89.9015,91.1300,12093630
2026-03-06,90.5500,91.6300,90.0100,91.0200,9745149
2026-03-09,90.2700,92.1900,89.6500,92.0100,9563640
2026-03-10,91.7100,92.1400,91.0600,91.5400,7485901
2026-03-11,91.5400,92.4600,91.1000,91.6600,9735768
2026-03-12,91.2000,92.7300,90.8100,91.7300,8730027
2026-03-13,92.7300,93.9000,92.3100,92.7800,7504416
2026-03-16,93.9000,94.4400,92.2400,92.8200,8466066
2026-03-17,93.5800,93.7100,92.2700,92.5300,5496623
2026-03-18,92.2600,92.5300,90.6100,90.9600,7053722
2026-03-19,90.6500,92.4550,90.3010,92.4100,10538407
2026-03-20,92.7400,94.2100,89.1700,89.5000,21860767
2026-03-23,91.0400,91.4050,90.1500,90.2300,10284310
2026-03-24,90.2900,92.4999,90.0500,91.6200,8807996
2026-03-25,92.4100,92.5700,91.0700,91.1600,8639930
2026-03-26,91.7000,92.0000,90.5650,91.1600,6537755
2026-03-27,91.2200,92.2150,90.7000,91.4000,7749634
2026-03-30,92.7100,92.9750,91.5000,92.0500,9362133
2026-03-31,92.2600,92.9850,91.3550,92.8800,13914181
2026-04-01,92.7300,93.8650,92.2400,92.8500,7759367
2026-04-02,93.0400,94.2750,92.7400,93.1500,10419039
2026-04-06,92.9250,93.6550,92.5300,92.7300,4790083
2026-04-07,92.8700,93.6700,92.1605,93.6700,6125410
2026-04-08,93.0800,94.3350,92.0200,94.1700,6935422
2026-04-09,94.0000,96.2050,93.9675,94.4800,7349008
2026-04-10,94.3500,94.8200,93.9200,94.0800,5323075
2026-04-13,93.8500,94.0400,91.9300,92.3000,6111535
2026-04-14,91.6900,91.8650,90.5800,91.3100,9370599
2026-04-15,90.1700,91.2900,89.9800,91.2400,9144766
2026-04-16,90.8000,91.8600,90.5700,91.8300,7734270
2026-04-17,91.0600,92.0150,90.4600,91.9800,8148844