2026-01-20,303.8350,319.9900,301.8200,310.7600,1634562
2026-01-21,310.8200,319.4000,296.5600,309.7600,2637762
2026-01-22,300.9200,304.0000,273.9900,290.9300,5785021
2026-01-23,290.9800,304.7800,276.6700,303.0900,3282473
2026-01-26,303.0900,311.7300,297.4300,308.2500,2591184
2026-01-27,312.9600,337.0600,312.9000,333.1700,3426124
2026-01-28,343.5000,352.2000,330.1000,345.2300,5297922
2026-01-29,332.0400,334.3100,285.6600,300.0000,8841884
2026-01-30,295.2300,307.9990,279.0000,280.9900,4525461
2026-02-02,285.1800,294.8800,278.4700,285.1100,4479234
2026-02-03,291.6100,300.2500,282.0000,297.4500,2666635
2026-02-04,290.0000,290.6500,266.5000,275.8600,4322549
2026-02-05,276.5000,303.0000,272.7201,294.8900,5244081
2026-02-06,305.1250,317.0000,304.3600,307.5300,3582131
2026-02-09,304.6200,322.3500,301.5014,319.2100,2427850
2026-02-10,323.9200,325.0100,296.8700,297.9300,2779941
2026-02-11,307.4600,309.0000,282.3350,295.6800,2931983
2026-02-12,295.1100,295.1500,274.2500,274.7900,3632863
2026-02-13,279.2800,284.6800,272.0000,280.6600,2122657
2026-02-17,276.3400,290.7700,271.0000,286.6600,1718971
2026-02-18,286.3000,301.6800,286.3000,291.4000,1811252
2026-02-19,285.9400,292.0100,279.2500,291.3300,1883543
2026-02-20,290.1500,300.6500,287.0000,292.6900,1835886
2026-02-23,288.5400,299.2400,285.5000,296.6800,1574203
2026-02-24,299.6000,307.0999,292.9700,296.3500,1529431
2026-02-25,299.3600,305.0000,293.5601,293.9800,2107690
2026-02-26,297.0500,299.2800,272.9500,279.1600,3262244
2026-02-27,276.9900,278.1900,270.4642,277.6300,2215890
2026-03-02,266.5900,275.9500,261.2751,266.9800,2541312
2026-03-03,254.6300,262.5000,250.0000,256.9500,2021267
2026-03-04,261.3000,274.6700,257.6900,270.6400,1932756
2026-03-05,275.5500,275.5500,257.5900,265.8300,1564921
2026-03-06,258.7000,265.8450,249.0200,249.5200,1930263
2026-03-09,245.1300,268.1500,244.5101,267.9500,2731390
2026-03-10,268.8400,278.0000,265.8500,269.2000,1715338
2026-03-11,267.2200,272.8800,263.7501,265.8000,1427076
2026-03-12,260.6900,269.9800,257.2500,264.8900,1293216
2026-03-13,264.0000,271.7300,262.1300,263.4600,1129393
2026-03-16,270.9100,278.9800,269.0200,270.5300,1620166
2026-03-17,270.6200,284.7500,269.0200,281.9500,1584041
2026-03-18,281.3000,287.1045,273.5500,273.5800,1370457
2026-03-19,268.9700,285.0000,264.1700,284.3000,1417696
2026-03-20,283.2600,283.8000,265.5100,269.1000,1754281
2026-03-23,273.7100,292.9992,273.0400,286.9800,2119049
2026-03-24,284.8600,301.5300,281.4500,301.5200,2027715
2026-03-25,306.1300,309.3800,299.2000,302.2200,1867852
2026-03-26,292.7600,294.7400,272.5000,273.3800,1805354
2026-03-27,270.6600,281.9400,269.6800,280.2200,1351421
2026-03-30,281.0200,282.4000,253.1100,257.2700,2149471
2026-03-31,261.2100,282.9200,258.0600,281.6800,2257473
2026-04-01,288.9150,296.7800,285.3900,288.7300,1871169
2026-04-02,275.0000,296.0700,271.5000,294.8400,1659774
2026-04-06,295.1450,301.0800,286.1500,292.3000,1318116
2026-04-07,293.7950,303.9900,286.6490,297.3400,1518110
2026-04-08,316.8900,320.8800,304.3500,320.7000,2627024
2026-04-09,320.7600,328.5800,313.6800,328.3300,1562176
2026-04-10,336.7350,354.7500,335.3700,351.3100,3336348
2026-04-13,349.0000,368.8800,345.0000,365.4600,2763423
2026-04-14,374.9000,392.1200,368.0900,384.3500,3608857
2026-04-15,382.6100,393.0000,375.0000,381.9400,2422469
2026-04-16,375.9900,387.9500,370.4500,382.3200,2406816
2026-04-17,388.4200,399.3600,387.0000,396.0100,1964768