2026-01-20,344.1000,345.4000,331.8000,332.6000,31888371
2026-01-21,335.5050,335.8000,324.2001,328.8000,32006555
2026-01-22,335.3500,336.9900,324.8900,325.4900,24275398
2026-01-23,319.3000,321.9900,314.1100,320.0500,30259482
2026-01-26,319.8000,328.6800,317.6000,324.8500,25006396
2026-01-27,329.7600,334.7600,327.0200,332.7900,23634625
2026-01-28,338.8500,339.9900,326.7000,333.2400,23001670
2026-01-29,332.5600,335.9500,320.2800,330.7300,20447467
2026-01-30,332.4400,338.2000,328.3300,331.3000,28313039
2026-02-02,326.1100,336.0550,325.7500,331.1100,17278166
2026-02-03,336.7400,338.9000,308.6500,320.3300,36489438
2026-02-04,319.5100,319.5100,295.3000,308.0500,43330322
2026-02-05,314.3350,326.5300,306.7001,310.5100,42775810
2026-02-06,320.1000,335.0000,316.3000,332.9200,33003432
2026-02-09,330.7700,352.3400,330.6500,343.9400,30091014
2026-02-10,347.4700,348.0100,339.8400,340.4400,19542682
2026-02-11,346.8000,347.2000,333.7400,342.7600,17004712
2026-02-12,343.8300,346.2900,329.5600,331.1700,22007269
2026-02-13,329.8500,334.3200,324.6900,325.1700,18397161
2026-02-17,319.6750,335.7500,316.3100,332.5400,23469727
2026-02-18,329.5200,337.8800,327.2300,333.5100,13565299
2026-02-19,333.0100,338.4400,329.6800,333.9900,15180877
2026-02-20,332.3550,340.1100,329.5800,332.6500,17658930
2026-02-23,332.2500,338.5000,325.3200,330.3400,16472389
2026-02-24,322.5400,328.3050,314.4500,325.4900,23614368
2026-02-25,330.7400,335.9100,329.2800,332.3100,20182314
2026-02-26,326.5000,326.5750,307.9300,321.7000,33025280
2026-02-27,310.7000,320.0000,310.0000,319.5500,28004177
2026-03-02,309.3600,320.0400,307.2000,318.8200,20567227
2026-03-03,313.0000,315.8800,307.4000,313.8400,20826179
2026-03-04,315.6800,322.6400,311.7400,317.5300,34895801
2026-03-05,330.1750,336.1200,323.0300,332.7700,57076634
2026-03-06,328.2800,343.5100,327.4040,330.4800,39152159
2026-03-09,327.2500,348.4900,323.6101,345.7500,40605821
2026-03-10,348.7300,353.1400,340.8000,342.5800,29531698
2026-03-11,342.5900,345.8100,338.2200,341.5700,20104102
2026-03-12,337.7400,339.8300,332.2000,335.9700,21982746
2026-03-13,337.6800,338.3200,321.4300,322.1600,34724950
2026-03-16,326.0200,329.2000,320.0600,324.9200,31363086
2026-03-17,325.7600,327.4400,317.2500,321.3100,38026497
2026-03-18,320.4250,325.4400,315.5500,315.9300,25460596
2026-03-19,312.4700,323.2700,308.5100,319.8400,23524816
2026-03-20,320.1200,321.5100,309.9200,310.5100,43325937
2026-03-23,318.0000,326.4800,314.9300,322.5100,27369188
2026-03-24,320.0000,324.3999,314.8400,318.2900,19799006
2026-03-25,322.5900,324.3000,316.7190,318.8100,19899988
2026-03-26,314.0200,316.9200,309.1700,309.4150,20343712
2026-03-27,307.0600,307.5000,298.8700,300.6800,23593929
2026-03-30,300.8700,304.7700,289.9600,293.4100,28054452
2026-03-31,299.3900,310.3100,296.3350,309.5100,29289516
2026-04-01,313.3650,315.7900,310.4800,313.4900,19171020
2026-04-02,304.4900,314.6900,301.7485,314.5500,14021076
2026-04-06,315.0600,316.4000,310.2800,314.4300,12111344
2026-04-07,326.7300,334.1500,321.8000,333.9700,33310926
2026-04-08,351.7500,354.1400,342.5300,350.6300,31573114
2026-04-09,352.3000,358.7000,351.5000,354.9100,20514938
2026-04-10,360.9400,376.5500,360.8200,371.5500,29958080
2026-04-13,369.6600,380.8600,369.4800,379.7500,24115842
2026-04-14,377.9000,382.2800,376.3200,380.7800,24423034
2026-04-15,389.8800,397.0800,385.5700,396.7200,29559299
2026-04-16,395.0000,399.6800,392.3500,398.4700,18872895
2026-04-17,400.9000,406.7250,399.8100,406.5400,20581701