2026-01-20,88.6000,89.1800,87.5400,88.8200,6810314
2026-01-21,89.3300,89.5500,88.1200,89.1500,8556069
2026-01-22,89.1300,89.4500,87.3900,87.5100,8025851
2026-01-23,87.7700,88.5000,86.8850,87.5400,5483885
2026-01-26,88.0000,89.0350,87.9750,88.1600,7611970
2026-01-27,88.1300,89.0750,87.7750,88.8400,4469584
2026-01-28,88.6900,89.2400,88.1500,88.3300,4251318
2026-01-29,88.7900,89.4550,88.4200,89.1400,5943816
2026-01-30,88.9400,89.5000,88.1400,89.3100,5344821
2026-02-02,89.4000,89.9700,87.8400,88.1900,5260708
2026-02-03,88.1900,90.2250,87.9650,90.1300,6220329
2026-02-04,90.5600,91.2800,90.0300,90.2900,7338356
2026-02-05,90.8400,91.6350,90.3950,91.0800,5913404
2026-02-06,91.5000,91.7000,89.2705,90.0800,5453763
2026-02-09,89.6600,90.0000,88.8400,89.3800,4423174
2026-02-10,89.7300,91.3800,89.4600,90.7200,5783822
2026-02-11,90.7100,91.0200,90.1500,90.8600,7290623
2026-02-12,91.1900,93.2600,91.0000,92.5600,13100355
2026-02-13,92.4400,94.9800,92.3700,94.9500,9114325
2026-02-17,94.8500,95.1200,91.9750,92.0000,9286751
2026-02-18,92.2200,92.4100,90.8200,91.0400,9786915
2026-02-19,95.5000,95.6550,93.7500,95.0500,16064494
2026-02-20,96.5100,96.7000,93.7100,94.3000,10713346
2026-02-23,94.6150,96.0200,94.5000,95.1800,6950713
2026-02-24,95.1500,95.9750,94.1400,95.8100,5087123
2026-02-25,95.6500,96.0000,94.1000,95.9200,5352942
2026-02-26,96.2900,96.6950,95.6800,96.3500,5711774
2026-02-27,96.4600,97.9650,96.3250,97.3800,8010121
2026-03-02,97.2500,97.8199,97.0300,97.2300,5156039
2026-03-03,96.6600,97.7800,95.2900,96.7900,4631516
2026-03-04,97.4100,98.0750,96.5700,97.6300,5947199
2026-03-05,97.7050,97.7050,95.9000,97.2000,6217389
2026-03-06,97.3500,97.9300,96.0400,97.4800,5963929
2026-03-09,97.5000,97.7000,96.7100,97.2500,5192009
2026-03-10,96.7900,97.1350,95.9000,96.2700,4194036
2026-03-11,96.0000,96.2800,95.5400,96.2600,5344315
2026-03-12,96.1900,98.7700,96.1050,97.8400,8656773
2026-03-13,98.7300,99.1300,97.9700,98.0100,6966870
2026-03-16,98.4950,99.3100,97.8700,99.1100,4471773
2026-03-17,99.5000,99.5800,98.2100,98.2700,3704209
2026-03-18,97.7300,97.8950,96.5300,96.5400,4184808
2026-03-19,96.5500,96.9800,95.4550,96.2300,5384713
2026-03-20,96.1600,96.4500,93.1550,93.3900,9915397
2026-03-23,94.0000,94.7100,93.5800,93.7500,5142945
2026-03-24,93.4600,95.0800,93.3000,93.9800,4016225
2026-03-25,94.5400,95.1000,93.8500,94.6100,3539946
2026-03-26,94.5900,95.5300,94.3500,95.4200,3723408
2026-03-27,95.5800,96.5550,95.0100,95.5500,6097725
2026-03-30,96.6700,97.5900,96.1400,96.9300,5907909
2026-03-31,96.9300,97.0900,95.2500,96.5200,6716053
2026-04-01,96.0900,97.1400,95.9400,96.9400,4918343
2026-04-02,97.5000,97.8400,97.0000,97.4500,4566641
2026-04-06,97.1300,97.9400,96.8300,96.9400,3469519
2026-04-07,96.9300,97.9600,96.6400,96.8200,3796536
2026-04-08,96.1300,97.1900,95.2000,97.1700,5793462
2026-04-09,96.7800,98.4900,96.7600,97.5900,4250179
2026-04-10,97.3300,98.1950,96.8400,97.1500,3475175
2026-04-13,97.2500,97.3750,95.5300,95.9300,4731935
2026-04-14,95.9750,96.1100,94.7150,95.9600,5339552
2026-04-15,95.4300,95.5850,94.5600,94.6400,3588794
2026-04-16,94.4900,95.2700,93.9000,94.9000,3108744
2026-04-17,94.4600,94.7200,93.3100,94.5100,4894144