2026-01-20,101.8300,104.4700,98.3400,99.2900,16613270
2026-01-21,101.0900,102.4000,93.1000,98.8700,15470530
2026-01-22,102.0100,103.9800,96.5000,96.8500,10237090
2026-01-23,96.7000,98.8854,93.5301,94.5000,10064565
2026-01-26,97.7100,100.8800,91.3600,91.4600,14675945
2026-01-27,94.3500,99.5400,93.5300,97.8700,11226335
2026-01-28,100.0000,101.8500,96.4400,100.4300,11834114
2026-01-29,98.3600,99.2500,91.1600,94.9100,13332165
2026-01-30,91.5510,92.0400,84.1200,85.1900,18182263
2026-02-02,85.8100,89.2500,84.2200,88.1600,10501328
2026-02-03,89.9300,91.3900,84.7500,89.9500,9594115
2026-02-04,87.0000,87.6650,78.4400,82.3900,15962803
2026-02-05,79.1400,80.8199,73.5200,73.8700,17441051
2026-02-06,79.2250,86.6600,77.1200,86.1000,16895651
2026-02-09,84.4500,93.6800,83.8100,92.8800,13235607
2026-02-10,92.9150,95.5522,91.6600,91.7900,10388584
2026-02-11,92.9150,94.7500,87.1400,88.6100,13933025
2026-02-12,84.1000,90.7600,79.6900,89.7300,25735527
2026-02-13,89.8600,100.3200,88.8600,98.0100,20543825
2026-02-17,96.0000,99.2900,93.5000,97.5200,11665234
2026-02-18,99.7300,104.4000,96.8571,101.8000,13132490
2026-02-19,100.4300,107.9800,100.4300,107.6100,17315023
2026-02-20,106.5910,108.3200,97.0300,97.9200,17292004
2026-02-23,96.3050,101.1627,95.3000,100.6100,8882203
2026-02-24,99.3650,103.7500,97.7477,102.5800,7436013
2026-02-25,104.9900,107.4400,102.8000,106.1200,8737196
2026-02-26,106.0000,108.3200,102.0000,104.8800,8529286
2026-02-27,98.7000,99.3000,88.4000,91.1900,22945166
2026-03-02,88.0000,91.3870,86.8000,91.0100,11049517
2026-03-03,86.1500,89.8700,83.5300,86.8000,10158213
2026-03-04,90.4000,98.4800,90.1500,97.7800,12975822
2026-03-05,96.7500,99.2500,91.6200,95.6500,8769277
2026-03-06,92.3000,94.9499,88.8000,89.3300,7829374
2026-03-09,87.3600,95.2000,86.5000,94.9400,9983794
2026-03-10,95.1400,98.4000,95.0000,96.4300,7125504
2026-03-11,105.1600,114.0800,104.4900,111.9950,34845341
2026-03-12,109.0900,111.0400,106.5200,108.0400,13302418
2026-03-13,110.4400,116.5700,110.1400,112.9500,15433662
2026-03-16,124.7500,132.3000,124.4230,129.8500,34657739
2026-03-17,120.3400,121.4999,113.1100,116.3300,57203829
2026-03-18,114.8000,122.7736,114.0000,118.5600,35792305
2026-03-19,115.2550,121.8000,114.7700,121.5200,14606007
2026-03-20,120.4750,123.7236,112.6340,117.6200,17414030
2026-03-23,116.7100,121.3100,113.5501,114.1500,13470116
2026-03-24,116.1750,117.8000,112.0101,114.9100,11880857
2026-03-25,116.8700,118.8000,113.3300,115.0900,12131117
2026-03-26,113.2550,113.2999,105.4100,105.9700,13405487
2026-03-27,105.8300,106.2600,100.2700,100.8200,11552139
2026-03-30,102.2400,102.2400,89.6525,92.2600,16684975
2026-03-31,97.9800,103.8900,95.7300,103.7600,21546895
2026-04-01,105.9450,107.8700,101.3500,101.9500,14922003
2026-04-02,96.4100,108.9600,96.1900,108.8200,13686790
2026-04-06,108.6600,113.8400,107.4500,112.5400,10920687
2026-04-07,110.6250,117.9000,110.2800,117.4000,13136907
2026-04-08,126.8800,127.7500,119.3500,125.0000,18679230
2026-04-09,125.0000,136.5500,124.5500,136.3300,20407808
2026-04-10,134.8850,149.8200,134.8850,144.9700,25785086
2026-04-13,142.7000,159.5000,142.3000,154.5600,23439613
2026-04-14,161.1000,166.0999,158.5201,161.9400,21983167
2026-04-15,160.2260,166.8100,156.5000,166.7700,14356309
2026-04-16,167.0000,168.7100,160.0901,165.3400,13912331
2026-04-17,163.7800,164.0600,154.7300,157.1400,17203573