2026-01-20,226.0800,239.5000,225.4105,231.9200,43701591
2026-01-21,235.9900,252.9000,235.7800,249.8000,62385578
2026-01-22,251.7500,256.0800,246.6300,253.7300,37945005
2026-01-23,261.1800,266.9600,256.2500,259.6800,47525928
2026-01-26,256.7450,258.2899,250.3000,251.3100,30672461
2026-01-27,252.1600,255.5500,247.9600,252.0300,25414573
2026-01-28,254.1250,257.4000,250.2100,252.7400,27061187
2026-01-29,254.6550,260.5298,240.9100,252.1800,31685168
2026-01-30,236.9300,245.2400,234.5500,236.7300,40035670
2026-02-02,235.7700,249.9700,235.0000,246.2700,36308106
2026-02-03,251.5500,252.6500,237.0376,242.1100,45851806
2026-02-04,215.0000,218.5800,199.1501,200.1900,107173293
2026-02-05,201.8550,204.0400,190.7200,192.5000,62196419
2026-02-06,197.1300,209.2700,196.4300,208.4400,54504470
2026-02-09,206.8950,217.6000,204.1500,216.0000,38810841
2026-02-10,215.1400,219.3900,213.1300,213.5700,25326694
2026-02-11,217.8800,219.6500,209.2100,213.5800,33384744
2026-02-12,215.8300,218.4600,205.1400,205.9400,32180957
2026-02-13,204.0200,210.0500,203.8801,207.3200,26123882
2026-02-17,202.1450,205.3000,194.8300,203.0800,33712081
2026-02-18,198.4050,203.2000,195.0001,200.1200,35664087
2026-02-19,200.1100,204.1000,198.2939,203.3700,25842274
2026-02-20,200.1150,204.8700,198.5600,200.1500,36317256
2026-02-23,198.0900,199.3800,194.1500,196.6000,28187909
2026-02-24,211.6300,216.7100,206.5000,213.8400,81367020
2026-02-25,214.8200,216.7000,210.3300,210.8600,44588059
2026-02-26,208.8000,209.7900,201.4600,203.6800,35020472
2026-02-27,200.1050,201.8900,197.7400,200.2100,31312396
2026-03-02,193.8450,198.7400,190.0000,198.6200,34120155
2026-03-03,191.4600,193.6400,188.2200,190.9500,37785697
2026-03-04,192.1200,202.4400,189.8600,202.0700,40912561
2026-03-05,197.7700,203.7900,194.8800,199.4500,36000660
2026-03-06,195.2700,200.2400,191.2501,192.4300,33913779
2026-03-09,189.3600,202.9700,189.0200,202.6800,38877220
2026-03-10,202.5100,206.5900,202.2000,203.2300,29139162
2026-03-11,205.1100,209.2100,203.6300,204.8300,23076366
2026-03-12,202.8250,203.6200,196.6700,197.7400,28886913
2026-03-13,198.1100,199.6800,192.2700,193.3900,27561888
2026-03-16,194.9750,200.1700,194.8000,196.5800,30285170
2026-03-17,196.6800,199.2100,195.2600,196.3100,22779675
2026-03-18,196.0000,202.8600,195.7500,199.4600,28569135
2026-03-19,195.0320,205.8800,192.8300,205.2700,32245329
2026-03-20,204.8850,206.3000,198.2600,201.3300,37265103
2026-03-23,206.3950,209.1090,201.7100,202.6800,31857752
2026-03-24,201.3900,206.4300,200.1300,205.3700,27258849
2026-03-25,211.5050,221.3300,211.5050,220.2700,48518269
2026-03-26,217.9790,221.0000,203.4300,203.7700,49212976
2026-03-27,201.7700,203.2699,197.6900,201.9900,29206578
2026-03-30,204.9500,208.4300,192.8650,196.0400,41053298
2026-03-31,198.0500,204.0000,196.4100,203.4300,42318748
2026-04-01,207.5850,213.8300,205.8400,210.2100,40835794
2026-04-02,204.0500,217.7800,200.6200,217.5000,38463484
2026-04-06,219.2800,226.3100,217.7300,220.1800,30786420
2026-04-07,218.2550,222.0984,215.3750,221.5300,26483009
2026-04-08,232.1200,234.0000,227.0900,231.8200,35496362
2026-04-09,233.0140,237.1000,230.9101,236.6400,27126209
2026-04-10,239.0000,249.5800,238.9600,245.0400,36477243
2026-04-13,245.0250,247.3300,242.0300,246.8300,22781787
2026-04-14,249.7900,255.4600,245.7000,255.0700,25733227
2026-04-15,254.9600,258.1800,251.8500,258.1200,24695184
2026-04-16,264.9900,279.3400,261.5100,278.2600,64850772
2026-04-17,281.0000,281.0500,274.1400,278.3900,35519852