2026-01-20,57.2100,58.2800,56.5200,57.4100,3134194
2026-01-21,57.8700,59.0400,57.7540,58.5500,4624967
2026-01-22,59.1300,61.8000,58.8500,59.6700,4330420
2026-01-23,59.3200,59.7300,58.1400,58.9600,5009956
2026-01-26,58.6700,60.0900,58.2600,59.7600,3482731
2026-01-27,59.9100,60.8900,59.3601,60.0500,3663665
2026-01-28,54.8800,58.3500,54.0200,55.2800,9865369
2026-01-29,55.2600,55.8300,54.2800,55.7900,4396511
2026-01-30,55.2200,55.7900,54.6700,55.7600,6281941
2026-02-02,55.5100,57.0000,55.2600,56.8300,3804212
2026-02-03,56.8300,56.9200,54.6100,55.9300,5397262
2026-02-04,58.7100,60.0000,56.5000,59.0000,8476686
2026-02-05,57.7500,61.6500,57.7500,60.9200,6931839
2026-02-06,61.1000,62.7000,60.9200,62.1000,4336420
2026-02-09,62.0000,62.6950,61.3800,61.5500,2957479
2026-02-10,61.6800,63.5900,61.2400,62.3100,2885692
2026-02-11,62.8200,64.2199,62.5600,63.6800,2732680
2026-02-12,63.6500,64.0800,60.3200,60.7300,3412500
2026-02-13,60.5850,62.2200,60.2000,62.1000,2994324
2026-02-17,61.6700,62.8200,60.9500,62.1600,2782898
2026-02-18,62.4000,62.8500,61.5050,62.0000,2433179
2026-02-19,61.8100,62.2500,59.0400,59.2200,3688467
2026-02-20,58.9600,60.6650,58.1400,60.0500,3876670
2026-02-23,59.9200,60.3921,58.4900,59.7800,2560309
2026-02-24,59.2800,61.4600,59.2800,59.9000,1814747
2026-02-25,60.1000,60.6000,59.2200,59.8200,2950881
2026-02-26,59.9700,60.7690,58.6100,59.6100,3144462
2026-02-27,58.7200,59.6400,57.3800,59.5800,3356555
2026-03-02,57.7500,59.5400,57.3300,58.9300,2633210
2026-03-03,57.4300,58.6200,56.8600,58.1500,4165647
2026-03-04,58.2900,58.7400,56.2350,56.2800,3047203
2026-03-05,55.9800,57.3000,55.8050,56.4800,3174732
2026-03-06,55.4300,56.0100,54.5000,54.8100,3987212
2026-03-09,53.9300,55.4500,52.1700,55.2800,3942997
2026-03-10,55.1500,55.9050,53.4100,54.9300,3209465
2026-03-11,55.6350,56.8750,54.8000,55.3500,2648481
2026-03-12,54.9200,56.4050,54.5958,55.2000,3166071
2026-03-13,55.4200,56.4400,54.4750,54.7400,2709841
2026-03-16,56.0200,56.0200,54.5050,54.5400,2061035
2026-03-17,55.0300,55.6000,53.4000,53.7100,2616706
2026-03-18,53.4900,54.2850,53.3000,53.5800,3270588
2026-03-19,52.7800,54.6100,52.4300,54.1200,2610890
2026-03-20,54.1200,55.0800,53.5700,54.4400,7471324
2026-03-23,55.3200,55.5400,54.1950,54.4900,3125608
2026-03-24,54.0200,56.6500,54.0200,55.3600,3115325
2026-03-25,55.8500,56.8000,55.5000,56.1900,2102588
2026-03-26,55.6000,57.6000,55.5800,56.6600,2586578
2026-03-27,56.1100,56.4150,53.2600,53.6500,3443504
2026-03-30,53.8700,54.1031,51.9300,52.5000,3336958
2026-03-31,53.2500,53.7900,52.1100,53.5500,3538847
2026-04-01,53.5900,54.3900,52.9000,53.2200,3277668
2026-04-02,52.9900,55.3400,52.3200,55.1900,5395344
2026-04-06,55.4900,56.2000,55.1050,55.9700,2294160
2026-04-07,55.9500,55.9500,53.9800,55.0600,2616636
2026-04-08,56.2600,56.6400,55.3500,56.5400,3612460
2026-04-09,56.2500,56.9600,55.9450,56.5600,3006712
2026-04-10,57.0400,57.3300,56.1200,56.3600,2163870
2026-04-13,56.1450,56.5600,55.3700,56.5000,2748202
2026-04-14,56.5000,57.5000,56.0500,57.2800,2432022
2026-04-15,57.1800,57.9900,56.7100,57.9300,2180237
2026-04-16,58.1650,59.0000,57.7500,58.7000,1973230
2026-04-17,59.1300,60.2300,57.5100,58.9900,3257497