2026-01-20,35.4100,37.2500,33.6200,35.4600,34359648
2026-01-21,36.3300,38.0000,32.3200,35.0600,42153516
2026-01-22,35.4500,36.1400,33.8800,34.7400,29082839
2026-01-23,34.3000,39.0000,33.2157,37.6900,48149227
2026-01-26,38.6500,41.6100,35.7159,36.1800,48010797
2026-01-27,36.7600,42.1000,36.4900,41.3500,47150583
2026-01-28,42.1500,42.2700,38.8507,40.2200,30478623
2026-01-29,39.6800,39.8900,36.9900,38.0700,30467103
2026-01-30,37.2150,37.9599,33.5300,33.8800,30806642
2026-02-02,33.4450,36.1600,32.6201,34.8000,23149371
2026-02-03,35.5300,36.7300,34.1500,36.7000,26504402
2026-02-04,36.4400,36.5800,29.7500,31.5400,38524256
2026-02-05,30.0050,31.4700,27.6200,27.8450,29119793
2026-02-06,29.6000,35.0850,29.2400,34.9500,44656467
2026-02-09,34.3000,39.3500,34.1600,38.2600,36871682
2026-02-10,37.6400,39.9800,37.3500,37.4700,24413952
2026-02-11,38.3700,39.3400,35.1300,36.6000,23902930
2026-02-12,37.0900,37.2300,34.5600,36.1700,18236632
2026-02-13,35.8700,37.4700,33.5200,35.2800,22436994
2026-02-17,34.2500,34.6800,32.3900,33.5600,21378144
2026-02-18,31.3200,33.4500,30.3000,31.9100,24045550
2026-02-19,31.2800,31.7500,30.5630,31.5300,15011837
2026-02-20,30.8700,31.2900,28.3650,29.0400,23874570
2026-02-23,28.4200,30.0800,28.2600,30.0000,14692872
2026-02-24,29.5650,31.2900,28.9600,30.6600,18880814
2026-02-25,31.5000,31.6800,28.8275,29.0800,19076862
2026-02-26,29.1100,29.4600,28.2500,28.6500,16047302
2026-02-27,27.5100,27.7400,26.0750,27.2700,18375127
2026-03-02,26.2700,28.1897,25.9300,27.9300,16057120
2026-03-03,26.3700,26.9300,25.2800,26.1500,13745374
2026-03-04,27.1500,28.9500,27.0500,28.6500,17151844
2026-03-05,28.0800,28.6600,26.5650,28.0900,15913384
2026-03-06,27.0200,28.4100,25.0700,25.1400,20577015
2026-03-09,25.0400,27.1661,24.4100,27.0300,18590105
2026-03-10,27.0600,28.3500,27.0000,27.4000,13808720
2026-03-11,27.8900,29.4250,27.7500,28.5200,17901497
2026-03-12,27.5200,27.7888,26.5450,27.4800,14852138
2026-03-13,28.1000,29.2530,26.7950,27.0500,18724713
2026-03-16,28.5800,29.0800,27.3750,27.7100,14494487
2026-03-17,27.4000,27.9900,26.9000,27.5100,11388507
2026-03-18,27.4000,27.7600,26.6000,26.6500,12475863
2026-03-19,26.0600,26.8624,25.4200,26.7000,12261439
2026-03-20,26.5500,26.6000,24.8700,25.9300,17456330
2026-03-23,26.4150,27.6500,26.1600,27.2600,14846988
2026-03-24,26.6700,27.5100,26.0800,26.7900,12831496
2026-03-25,27.6000,28.6550,26.7900,28.3700,14613832
2026-03-26,27.6250,27.6250,25.3000,25.7150,19579975
2026-03-27,25.4500,25.4500,23.2800,23.7600,17033556
2026-03-30,24.0750,24.1250,20.0000,20.5450,27139007
2026-03-31,21.2950,23.7900,21.0300,23.7400,23993110
2026-04-01,24.3000,25.9500,24.2300,24.4900,25220093
2026-04-02,22.7800,24.9500,22.6200,24.5600,19745771
2026-04-06,24.8850,26.1700,24.7800,25.1900,17887648
2026-04-07,25.0500,25.5900,24.3800,25.1800,20180866
2026-04-08,28.4450,29.3900,27.3500,27.7900,39795731
2026-04-09,26.0500,27.4000,25.0700,25.5700,35842891
2026-04-10,26.3800,28.2500,26.1000,26.2600,26413201
2026-04-13,25.6550,27.8700,25.5600,27.6000,21422401
2026-04-14,29.1000,31.9200,28.8800,31.4700,37953828
2026-04-15,31.4400,31.7900,29.6592,30.8100,24272746
2026-04-16,31.1900,31.3500,29.4200,30.0900,15236539
2026-04-17,30.8500,31.7200,30.2400,31.5300,19767850