2026-01-20,229.1500,246.2100,227.3693,241.2100,2735251
2026-01-21,241.5200,241.9980,226.8200,231.8900,2884938
2026-01-22,236.6200,239.1200,222.8700,230.0300,2094952
2026-01-23,229.1600,232.0250,220.5200,229.1400,1806218
2026-01-26,230.0000,242.0000,225.7100,232.2300,1471885
2026-01-27,239.9000,247.7500,236.1800,247.5200,1957459
2026-01-28,247.5200,258.4250,244.7350,257.3000,2072972
2026-01-29,257.0000,259.8299,241.6807,253.5300,2262449
2026-01-30,254.0100,269.9000,247.4700,251.8100,3246929
2026-02-02,247.9300,271.2100,246.0300,268.4900,2534015
2026-02-03,276.5500,284.7900,266.2000,276.5200,3109888
2026-02-04,277.0500,285.9683,248.9700,253.5000,5577101
2026-02-05,242.6400,261.0000,238.5700,252.9800,3316187
2026-02-06,262.6500,273.0000,251.2600,271.3200,33471358
2026-02-09,270.7000,297.0099,266.6100,289.6800,4303788
2026-02-10,288.0800,298.9900,280.0400,298.7000,2274468
2026-02-11,307.2800,308.8100,286.5484,297.2500,3525878
2026-02-12,300.0000,305.0000,284.1500,292.9600,2871527
2026-02-13,293.8300,304.1800,270.0000,303.9200,3088177
2026-02-17,297.9100,307.6300,286.8100,302.3300,2182171
2026-02-18,302.7200,317.2800,299.9600,310.9600,2223837
2026-02-19,308.8800,320.4200,303.5500,318.4100,2389495
2026-02-20,317.0400,340.2700,314.6900,334.9500,2527668
2026-02-23,332.8600,346.5500,330.2000,344.8400,2197402
2026-02-24,341.0000,348.2800,334.9100,342.7000,2270180
2026-02-25,345.9900,365.9000,345.6810,353.3300,2348344
2026-02-26,354.5900,358.6300,326.7603,341.1600,2612883
2026-02-27,340.6600,353.5700,337.1100,348.7000,3083021
2026-03-02,353.7600,364.0500,345.0600,353.7300,2527510
2026-03-03,339.5700,340.6900,320.3150,333.0700,3014089
2026-03-04,339.1900,353.7799,335.0000,343.5500,2708630
2026-03-05,312.0100,315.4999,278.3900,299.3000,7851824
2026-03-06,294.8100,315.8400,293.1100,294.1700,3924162
2026-03-09,289.4900,319.2900,287.2500,318.5400,3070255
2026-03-10,325.0000,349.7715,325.0000,337.3600,3020891
2026-03-11,333.8900,346.0600,329.5800,339.9500,2063731
2026-03-12,344.2600,350.3300,329.4100,336.8300,2641061
2026-03-13,339.2200,353.2499,334.5001,337.3800,2425790
2026-03-16,345.0000,367.4500,344.9900,363.8800,3759723
2026-03-17,358.3100,379.4200,350.3600,370.0500,3263987
2026-03-18,376.0000,402.1700,376.0000,385.2600,4159451
2026-03-19,373.1200,416.7600,371.0000,412.5800,3934558
2026-03-20,416.0000,419.8000,380.1100,383.8900,5809564
2026-03-23,399.4000,415.5700,393.9550,407.9000,3544005
2026-03-24,405.0000,434.2200,405.0000,429.3800,3382007
2026-03-25,431.5050,446.8899,423.8800,437.7000,2670787
2026-03-26,428.4700,428.7350,387.4000,387.9900,3719886
2026-03-27,394.8200,411.5000,391.3600,401.6100,2518013
2026-03-30,411.0000,414.7500,361.7000,365.0000,3512374
2026-03-31,373.7700,388.7200,364.1600,388.2300,3020976
2026-04-01,401.7100,421.9900,399.8200,415.3900,2677105
2026-04-02,400.9800,453.0000,400.0000,447.7600,3617746
2026-04-06,455.4500,459.8000,432.7700,434.2600,1939070
2026-04-07,435.2800,449.3400,421.3000,447.8800,1969528
2026-04-08,475.5000,499.3900,471.6601,494.0100,4110400
2026-04-09,498.9100,513.4899,473.7250,487.3800,3280367
2026-04-10,498.1100,508.6400,475.2200,496.0200,2498395
2026-04-13,493.4400,494.6000,472.3217,479.9000,3048391
2026-04-14,486.7500,487.7400,458.0100,467.1900,3429530
2026-04-15,471.7800,481.2800,454.3400,475.7600,3041125
2026-04-16,476.7500,495.4000,462.0001,495.1700,2298719
2026-04-17,500.4700,513.8300,495.1700,507.4300,1926270