2026-01-20,161.2700,166.0000,156.2500,156.8100,7541651
2026-01-21,159.0100,161.9799,153.7700,160.0200,6651264
2026-01-22,161.9300,163.5000,159.1500,160.3600,4176241
2026-01-23,160.0000,162.8700,158.0000,160.1200,4475807
2026-01-26,160.5900,165.3100,157.9000,158.8100,3953126
2026-01-27,159.5100,164.6200,158.1500,164.2600,3604729
2026-01-28,166.0000,166.5600,161.1600,165.6400,4263822
2026-01-29,165.9600,167.8800,158.7550,162.5800,4798817
2026-01-30,161.5000,164.5000,156.8600,158.3500,3810765
2026-02-02,157.6500,159.9800,154.0300,154.2600,5506893
2026-02-03,156.1200,156.5000,150.3921,153.0000,4365095
2026-02-04,153.1900,153.6598,139.2700,142.5200,13329766
2026-02-05,141.0000,143.9100,138.5300,143.0700,7112944
2026-02-06,150.0000,152.2600,147.4200,149.6500,7406399
2026-02-09,150.0000,155.7800,147.7800,152.9700,5097005
2026-02-10,160.4000,161.4200,154.8100,159.6000,9074355
2026-02-11,165.0000,165.3100,158.5500,160.1500,4279289
2026-02-12,160.7300,166.2100,160.4000,163.1000,7493842
2026-02-13,162.4000,171.6600,161.5000,171.4900,5967870
2026-02-17,170.8800,176.6500,169.9500,173.6800,4655476
2026-02-18,174.0100,175.5000,169.6100,170.5700,3622721
2026-02-19,169.9100,172.5700,168.2500,172.5000,3154656
2026-02-20,172.3000,173.4999,169.0000,171.4000,3879803
2026-02-23,170.6400,171.8400,165.2100,167.8000,4133180
2026-02-24,167.2800,171.6800,162.8800,171.6200,4375290
2026-02-25,172.3800,175.9400,170.0800,175.3600,4810197
2026-02-26,171.3600,177.2300,164.1100,176.8200,7746178
2026-02-27,175.0000,178.3100,170.8900,173.8900,5494931
2026-03-02,170.2000,176.5200,165.8300,165.9900,5138138
2026-03-03,161.6900,163.5300,152.9801,161.7000,6653884
2026-03-04,161.5900,164.2100,160.4000,163.3600,4677692
2026-03-05,161.8800,167.9700,161.6800,167.4000,4951618
2026-03-06,164.4500,168.3800,158.3000,158.6500,5625427
2026-03-09,155.9000,164.6300,155.0000,163.6200,4108977
2026-03-10,165.3600,168.7900,164.3050,164.4000,4147963
2026-03-11,163.6000,163.9900,155.1501,159.1600,6083985
2026-03-12,157.0800,163.2000,156.7000,159.5800,4053247
2026-03-13,161.7600,165.2400,157.7300,158.9500,3679568
2026-03-16,161.0000,163.5000,160.1100,161.9900,2775156
2026-03-17,162.8100,165.4600,162.1200,164.3300,2065315
2026-03-18,165.7500,173.0000,165.5000,170.1200,3685287
2026-03-19,167.1700,169.6000,164.2300,167.3700,3106652
2026-03-20,166.4700,166.4700,144.8300,146.0200,11109513
2026-03-23,151.4500,155.9000,149.3350,151.2900,5338525
2026-03-24,150.5500,154.1000,149.5500,152.7200,3995489
2026-03-25,155.0000,157.9500,150.3800,151.5100,3512904
2026-03-26,149.5000,152.6700,146.4900,152.3000,4437915
2026-03-27,151.7500,160.2000,151.7500,155.4800,4554483
2026-03-30,157.1000,158.9300,146.6000,147.5400,4734921
2026-03-31,143.9000,151.4700,142.3400,150.3300,5402244
2026-04-01,151.4700,156.3400,151.4000,153.9600,3782839
2026-04-02,151.2100,154.5600,150.1200,151.1800,2950319
2026-04-06,151.0400,153.1050,149.8800,151.5900,2309799
2026-04-07,151.0700,154.1600,150.2800,153.6800,2229141
2026-04-08,160.7500,161.3100,155.2900,155.8900,4320567
2026-04-09,155.8900,162.5300,152.6800,152.7500,4103154
2026-04-10,153.5000,158.6300,153.1100,154.7300,2900876
2026-04-13,152.6500,160.7200,152.6500,158.2000,4458614
2026-04-14,162.4100,165.2800,160.3450,163.9700,3767261
2026-04-15,165.5000,166.5200,162.1500,162.9400,3098298
2026-04-16,164.5700,166.9200,162.6100,165.5300,3126049
2026-04-17,166.2600,168.4900,162.2601,163.4600,4104295