2026-01-20,79.3100,83.4800,79.0182,79.8000,18292171
2026-01-21,80.3950,84.2900,80.3950,82.5500,17134341
2026-01-22,84.4700,85.3500,82.7400,83.1000,12997557
2026-01-23,81.2200,82.0200,79.7200,80.2300,13924585
2026-01-26,79.8200,83.4400,79.5550,81.7700,12464569
2026-01-27,82.8700,83.7399,81.3000,82.9300,11037681
2026-01-28,84.5800,85.4700,82.7000,83.6200,10310998
2026-01-29,81.9430,82.4400,78.3000,81.3400,13944872
2026-01-30,80.0500,81.7000,78.1800,78.9200,12581446
2026-02-02,77.6050,78.9800,76.7200,78.6600,14512952
2026-02-03,78.5400,78.9700,72.7900,75.5400,22040297
2026-02-04,74.9950,76.0550,71.7800,73.7300,17506178
2026-02-05,72.8800,74.7900,70.6850,74.2100,19201991
2026-02-06,76.8350,80.7500,76.5200,80.2800,22581787
2026-02-09,79.6050,83.0600,78.6700,82.3500,13775402
2026-02-10,82.6850,83.4000,81.4900,82.0100,10561407
2026-02-11,83.5950,83.7800,79.2050,81.3400,11636729
2026-02-12,82.1900,82.1900,77.4400,78.2300,13643781
2026-02-13,77.9500,79.9700,77.7450,78.6100,7615413
2026-02-17,77.3150,80.3200,76.6333,79.0100,10568517
2026-02-18,79.1500,80.4000,78.4850,79.0900,8408247
2026-02-19,78.3800,79.6700,77.7200,79.6100,6512171
2026-02-20,78.2400,80.3448,77.6001,79.4800,8795346
2026-02-23,78.3850,79.1050,76.0700,77.7900,11622595
2026-02-24,78.0000,79.7000,77.1750,78.3900,8396221
2026-02-25,79.0100,81.1880,78.9700,80.9200,10524690
2026-02-26,81.1100,81.6300,77.1500,79.2900,12326477
2026-02-27,80.0300,82.2900,78.6600,81.6900,20253816
2026-03-02,79.6300,82.8200,79.4000,80.8600,15228517
2026-03-03,77.8450,79.0800,76.6500,77.5100,15826412
2026-03-04,78.7000,79.5000,77.2600,78.0900,14677547
2026-03-05,78.9000,80.2600,75.2400,75.6800,42620182
2026-03-06,84.7150,93.4000,83.4000,89.5700,90071099
2026-03-09,87.9250,92.9250,84.2000,92.6500,38873542
2026-03-10,92.5700,95.0500,91.6200,93.3000,26499497
2026-03-11,93.6000,95.0100,90.1800,90.4400,18446161
2026-03-12,89.8500,90.0250,87.3700,87.6700,16854393
2026-03-13,87.7600,90.5000,86.8214,87.8600,14108104
2026-03-16,89.1450,92.5200,89.1150,91.5800,15875483
2026-03-17,92.3000,93.4400,90.3500,90.7900,11622635
2026-03-18,90.8000,92.0200,87.1700,87.6200,16096678
2026-03-19,86.2700,89.7400,85.1300,89.5300,13388783
2026-03-20,88.9000,90.4800,86.6600,87.9100,25570428
2026-03-23,89.4500,91.5800,88.7350,90.1600,14126670
2026-03-24,88.8350,93.1600,88.8000,92.3600,13731247
2026-03-25,94.0750,98.8200,94.0000,98.4500,22562386
2026-03-26,97.9600,100.6525,97.2239,97.6800,26078523
2026-03-27,98.7800,99.6300,93.4000,94.8800,16507108
2026-03-30,95.1200,96.5000,86.6100,87.8100,21463243
2026-03-31,96.4000,99.5600,93.0500,99.0500,51286110
2026-04-01,100.8200,107.8400,100.4900,106.7100,44072472
2026-04-02,102.3000,107.2600,101.1300,107.1100,23667065
2026-04-06,109.4500,111.8883,106.0000,109.5100,22700501
2026-04-07,108.3800,110.1150,106.0200,109.3800,18965190
2026-04-08,114.0000,115.6600,110.4500,114.4500,29455912
2026-04-09,118.9550,121.9700,117.8300,119.9300,32718479
2026-04-10,123.6600,129.8400,123.6000,128.4900,41187042
2026-04-13,129.9700,133.2000,128.9700,131.3000,31264666
2026-04-14,136.1100,136.9000,130.8350,133.8300,33600662
2026-04-15,132.3900,138.1900,131.8800,134.6000,23450119
2026-04-16,132.2600,134.6900,128.4200,133.3700,20830200
2026-04-17,134.8750,139.9100,133.1600,139.6900,26341334