2026-01-20,233.7600,235.0900,229.3400,231.0000,46959464
2026-01-21,231.0850,232.3000,226.8800,231.3100,47276090
2026-01-22,234.0500,235.7200,230.9000,234.3400,31913325
2026-01-23,234.9550,240.4500,234.5700,239.1600,33778478
2026-01-26,239.9800,240.9500,237.5400,238.4200,32825530
2026-01-27,239.6850,244.8800,238.0800,244.6800,37815946
2026-01-28,246.3650,247.7750,241.5300,243.0100,40882657
2026-01-29,242.8200,243.0000,236.7420,241.7300,47229643
2026-01-30,239.8900,243.3150,237.6400,239.3000,46585024
2026-02-02,238.3100,245.6299,238.1700,242.9600,37546102
2026-02-03,244.9750,246.3500,235.4500,238.6200,50478573
2026-02-04,238.8600,238.8600,231.8200,232.9900,51299947
2026-02-05,224.9100,226.3100,220.3800,222.6900,103509230
2026-02-06,202.7000,211.4400,200.3100,210.3200,179210851
2026-02-09,208.9700,212.8100,203.3500,208.7200,91178443
2026-02-10,208.7950,212.6499,206.4110,206.9600,67175031
2026-02-11,208.0600,208.5700,202.4900,204.0800,65545455
2026-02-12,203.9600,203.9600,197.5600,199.6000,83975393
2026-02-13,198.8800,201.1600,197.2750,198.7900,66321593
2026-02-17,198.1250,201.7362,196.0000,201.1500,69879200
2026-02-18,202.0700,206.8600,201.5100,204.7900,51003299
2026-02-19,203.8000,205.6396,202.8100,204.8600,35669611
2026-02-20,204.7600,211.1700,203.7500,210.1100,65881611
2026-02-23,208.0950,208.4300,203.1100,205.2700,53581508
2026-02-24,205.4700,210.3600,203.2500,208.5600,41137162
2026-02-25,210.4600,211.5900,208.9300,210.6400,41346376
2026-02-26,210.7300,211.0500,205.3450,207.9200,47756765
2026-02-27,206.8300,210.3300,205.2000,210.0000,57422777
2026-03-02,204.5500,209.7300,203.4600,208.3900,46001010
2026-03-03,203.1000,209.1780,202.4800,208.7300,43184918
2026-03-04,210.4700,217.5400,210.1500,216.8200,54731101
2026-03-05,215.9800,220.4700,215.5900,218.9400,60943447
2026-03-06,214.9900,217.3200,212.5300,213.2100,51152716
2026-03-09,210.4500,213.8200,207.1100,213.4900,54642926
2026-03-10,214.1900,215.6500,212.4300,214.3300,35678834
2026-03-11,215.7050,217.0000,211.3500,212.6500,34199303
2026-03-12,210.3900,211.7100,208.1500,209.5300,44349501
2026-03-13,209.6050,210.5600,206.2200,207.6700,35662137
2026-03-16,208.3500,212.7240,207.4450,211.7400,42209316
2026-03-17,212.8200,215.7000,212.4300,215.2000,44969943
2026-03-18,213.9250,215.1401,208.8250,209.8700,37846642
2026-03-19,207.0600,209.1200,206.0500,208.7600,36440622
2026-03-20,207.4000,207.5400,204.3160,205.3700,63694603
2026-03-23,209.7900,212.8000,209.5100,210.1400,44277356
2026-03-24,207.9500,209.3500,206.6400,207.2400,35351425
2026-03-25,211.5600,213.0700,209.9000,211.7100,36388791
2026-03-26,210.6100,212.8850,207.1200,207.5400,46745978
2026-03-27,206.4550,206.6000,199.1400,199.3400,56009763
2026-03-30,201.4800,203.8000,199.9802,200.9500,46373797
2026-03-31,204.8450,210.2800,204.1400,208.2700,58470078
2026-04-01,210.4350,213.5800,208.1900,210.5700,45955395
2026-04-02,206.5400,212.2125,204.9000,209.7700,31453039
2026-04-06,209.7950,212.9500,209.5900,212.7900,25385495
2026-04-07,211.2400,213.9700,209.0750,213.7700,28154557
2026-04-08,223.7900,226.1000,219.6200,221.2500,51092698
2026-04-09,225.2320,233.8000,223.2700,233.6500,65964171
2026-04-10,235.2950,240.4300,235.2100,238.3800,56912842
2026-04-13,237.4500,240.0000,235.7500,239.8900,42166150
2026-04-14,241.7800,252.1800,241.7800,249.0200,72685026
2026-04-15,249.2500,250.4400,247.2000,248.5000,43045160
2026-04-16,248.5100,250.0000,244.2000,249.7000,41895711
2026-04-17,254.9850,256.1800,250.1100,250.5600,52029291