2026-01-20,792.6300,794.7400,782.0100,784.2000,496784
2026-01-21,790.0000,809.5400,786.7150,795.4800,566346
2026-01-22,796.6000,801.8600,788.3700,792.7600,346978
2026-01-23,792.0900,800.8000,784.3450,791.2700,467368
2026-01-26,795.6800,810.0200,793.1800,806.3500,567295
2026-01-27,809.9600,812.6060,796.8700,809.5500,523713
2026-01-28,811.4200,831.7150,806.3100,816.1500,589691
2026-01-29,818.2500,826.9550,813.3150,826.0500,685796
2026-01-30,822.0200,823.1700,808.3600,820.9300,650158
2026-02-02,816.2200,826.8300,807.6250,810.3800,603388
2026-02-03,809.0200,818.0000,791.5400,801.8300,494667
2026-02-04,806.3800,815.0600,799.8700,802.1300,520307
2026-02-05,803.7000,814.4200,792.8450,807.5600,595956
2026-02-06,815.9400,848.8800,813.6300,848.1200,615514
2026-02-09,846.5700,859.6700,840.6000,857.7400,436666
2026-02-10,853.7000,864.6200,847.5450,856.7400,510646
2026-02-11,860.1700,868.0200,851.8300,867.5200,652401
2026-02-12,956.4400,992.9000,940.9000,957.8700,2685260
2026-02-13,956.7800,967.0300,942.1100,956.1900,1063985
2026-02-17,952.5000,958.2900,933.0000,951.9700,700242
2026-02-18,948.3000,949.9700,918.2000,924.2400,837569
2026-02-19,924.2400,928.3700,916.0100,918.0300,647974
2026-02-20,915.5200,928.7200,911.4000,928.1100,993572
2026-02-23,926.0200,950.1100,924.4500,945.6400,665116
2026-02-24,946.3000,956.0000,940.7100,951.9000,486156
2026-02-25,947.8600,962.4100,945.0000,960.5200,639492
2026-02-26,963.6300,963.6300,941.6900,948.0200,612309
2026-02-27,948.0200,975.0000,943.6450,974.2600,1141268
2026-03-02,959.6500,970.7850,954.3764,966.1000,409352
2026-03-03,942.2600,977.3600,942.2600,972.0100,849632
2026-03-04,970.4800,974.9300,957.2600,969.0400,624744
2026-03-05,954.6000,962.5300,946.0600,953.0000,692498
2026-03-06,945.0700,956.6300,933.9600,937.2000,688426
2026-03-09,926.5000,947.3600,918.2750,944.9100,699460
2026-03-10,944.9100,965.0000,939.5650,956.0700,658615
2026-03-11,956.4600,982.5000,955.0000,973.4300,661195
2026-03-12,961.1900,981.4200,955.5500,971.4700,756282
2026-03-13,979.2300,983.3750,962.6400,969.9000,512331
2026-03-16,975.0300,990.9800,974.9200,984.4600,790291
2026-03-17,985.4200,990.4650,975.3600,976.8800,422249
2026-03-18,978.5100,984.2300,971.9474,973.5600,463014
2026-03-19,963.3400,976.6600,959.6250,974.7600,416334
2026-03-20,975.7300,979.3850,953.7200,959.1600,1817929
2026-03-23,965.8000,974.9100,953.2150,966.9600,576010
2026-03-24,964.7800,974.6350,958.5197,964.5300,499480
2026-03-25,970.1900,977.8300,964.2300,965.9500,380146
2026-03-26,960.7700,971.3300,954.0600,963.3900,530184
2026-03-27,963.3800,968.1850,958.2650,963.0000,397539
2026-03-30,972.2500,981.8300,958.4882,964.0500,717565
2026-03-31,973.8100,986.8900,963.3800,980.2400,647806
2026-04-01,985.1700,999.6700,978.0200,995.9800,476841
2026-04-02,989.8000,1006.5550,986.0101,1000.3700,464432
2026-04-06,999.4000,1016.3900,997.8650,1016.0800,301539
2026-04-07,1003.2300,1008.7350,984.1100,1007.2900,424295
2026-04-08,1018.0100,1023.4700,1002.2300,1017.6600,505951
2026-04-09,1017.9800,1039.9000,1017.9800,1031.5700,405854
2026-04-10,1031.4700,1034.2599,1024.0350,1030.2400,342775
2026-04-13,1027.5900,1057.8799,1023.7700,1056.8400,450962
2026-04-14,1060.0700,1060.0700,1044.1700,1057.3700,510679
2026-04-15,1059.7700,1059.7700,1043.2900,1052.9800,614039
2026-04-16,1051.1000,1072.8800,1051.1000,1070.9000,467531
2026-04-17,1074.7400,1093.0300,1068.8950,1088.6200,463120