2026-01-20,1319.1200,1351.2600,1311.3100,1326.0700,2944195
2026-01-21,1332.0000,1371.0000,1322.6700,1360.0900,2387170
2026-01-22,1393.6500,1398.8000,1373.2800,1395.0000,1844197
2026-01-23,1376.3200,1393.3600,1363.2700,1389.0400,1556330
2026-01-26,1385.8700,1419.9500,1385.1550,1413.3500,2001284
2026-01-27,1417.6250,1473.5900,1417.0000,1454.5900,3450784
2026-01-28,1493.0000,1493.4750,1408.0501,1422.9200,5036812
2026-01-29,1459.3200,1467.4900,1399.0900,1455.1600,2818923
2026-01-30,1440.0400,1466.4299,1416.0100,1423.0000,2358843
2026-02-02,1397.2400,1453.1600,1395.4000,1441.3900,1766645
2026-02-03,1436.0400,1445.8100,1371.9100,1395.8800,2200547
2026-02-04,1395.7600,1406.0950,1316.0601,1339.1300,2479419
2026-02-05,1329.1200,1368.8600,1319.5300,1350.1600,1790238
2026-02-06,1372.3700,1415.9700,1368.5200,1413.0100,1970991
2026-02-09,1415.8400,1437.0900,1408.6000,1429.4900,1125090
2026-02-10,1439.2700,1439.8900,1410.8000,1413.6200,1200609
2026-02-11,1440.3950,1451.4900,1409.3440,1435.6300,1139284
2026-02-12,1435.2300,1439.2500,1392.2000,1406.8700,1518087
2026-02-13,1414.8500,1436.6600,1401.0000,1406.6100,1249325
2026-02-17,1392.5700,1428.5000,1382.7500,1419.7800,1097175
2026-02-18,1436.4700,1476.4994,1427.3800,1468.7200,1334359
2026-02-19,1439.0350,1459.7900,1427.5800,1458.9300,1135216
2026-02-20,1449.4200,1487.0100,1448.3200,1469.5900,1102465
2026-02-23,1471.3950,1493.0100,1462.0001,1485.9900,1284188
2026-02-24,1500.0200,1507.3525,1473.9300,1497.8000,1538909
2026-02-25,1522.4000,1547.2200,1516.4800,1526.5100,1306850
2026-02-26,1512.8200,1514.3300,1426.5900,1463.8000,2177889
2026-02-27,1430.3400,1461.7200,1424.5000,1450.5600,1358271
2026-03-02,1417.7500,1442.6850,1411.2100,1423.5400,1492377
2026-03-03,1357.5800,1373.5000,1329.0300,1360.9400,2012456
2026-03-04,1391.1300,1405.5500,1372.7100,1399.3700,1486729
2026-03-05,1381.1200,1407.3800,1339.4501,1368.3600,1806155
2026-03-06,1293.8600,1338.0000,1286.6700,1292.8000,1900072
2026-03-09,1284.7900,1358.9999,1276.1100,1357.4200,1808899
2026-03-10,1374.5900,1407.5396,1369.9100,1383.4000,1650928
2026-03-11,1383.9600,1404.7800,1372.0000,1386.6800,1171989
2026-03-12,1372.5400,1372.5400,1333.5700,1351.5800,1780185
2026-03-13,1367.5400,1386.7900,1342.5000,1345.6900,1179035
2026-03-16,1379.5150,1390.1600,1368.2000,1375.5600,1310431
2026-03-17,1385.0500,1391.0600,1369.3100,1389.1600,1135989
2026-03-18,1373.3650,1381.2900,1354.0200,1355.1700,1391446
2026-03-19,1315.2400,1372.4600,1310.3700,1366.3900,1619149
2026-03-20,1357.2550,1370.0000,1291.1000,1317.2500,2645128
2026-03-23,1359.7300,1400.3900,1348.1100,1369.6200,1983247
2026-03-24,1349.1200,1413.2800,1348.6800,1399.4200,1801003
2026-03-25,1394.0900,1405.8300,1366.6850,1393.8900,1610003
2026-03-26,1356.8100,1359.4200,1326.8500,1329.5000,1721069
2026-03-27,1318.4300,1333.7750,1298.5200,1302.4700,1759696
2026-03-30,1318.7650,1322.9200,1248.1100,1253.9600,2144468
2026-03-31,1284.3250,1322.4100,1276.0100,1320.8300,1731472
2026-04-01,1345.6400,1385.7200,1344.5600,1359.7600,1744981
2026-04-02,1305.5400,1356.1986,1298.1800,1317.2300,1883406
2026-04-06,1315.1050,1320.0000,1280.3600,1304.0100,1299180
2026-04-07,1290.4400,1309.0000,1272.2050,1306.4500,1368911
2026-04-08,1421.0000,1429.2900,1384.2250,1421.0500,2427277
2026-04-09,1412.1150,1453.5450,1412.1150,1448.6400,1579677
2026-04-10,1482.3500,1502.5000,1473.7150,1478.2800,1519599
2026-04-13,1465.1600,1500.8000,1461.0300,1500.2000,1709372
2026-04-14,1526.3900,1531.9800,1496.9800,1518.3000,1769180
2026-04-15,1473.5300,1486.1663,1415.2500,1481.7700,4251666
2026-04-16,1453.0000,1453.9200,1406.5000,1410.8300,2626711
2026-04-17,1463.7600,1472.4800,1445.6900,1459.8000,1876496