2026-01-20,20.1300,20.3100,19.8700,20.0000,5671432
2026-01-21,20.2000,20.4600,20.0100,20.3400,3717982
2026-01-22,19.9150,20.0950,19.6820,19.9300,6599067
2026-01-23,19.7500,19.7800,19.0100,19.2500,9465515
2026-01-26,18.8300,18.9800,18.6900,18.7900,5861817
2026-01-27,18.8100,18.8150,18.5550,18.5700,3980092
2026-01-28,19.2300,19.2800,18.5750,18.6600,5684844
2026-01-29,18.7800,19.1250,18.3100,18.5900,6943616
2026-01-30,18.3000,18.4600,17.8550,17.9800,6835909
2026-02-02,17.2200,17.2400,16.1600,16.4900,16635742
2026-02-03,16.8000,17.2400,16.5350,17.1600,7911832
2026-02-04,16.9500,17.0000,16.4400,16.7700,5182572
2026-02-05,16.9600,17.2050,16.6750,16.8800,8527573
2026-02-06,17.1500,17.8000,17.1400,17.7200,8274817
2026-02-09,17.5100,17.8300,17.3700,17.5400,5341308
2026-02-10,17.6900,18.1100,17.4600,17.8200,6002871
2026-02-11,17.9100,18.1700,17.8500,18.1100,4089868
2026-02-12,17.9100,18.0650,17.3600,17.7000,5157382
2026-02-13,17.5800,18.1100,17.5800,17.9400,3218201
2026-02-17,17.7500,18.1500,17.7100,17.8400,2397618
2026-02-18,17.8400,17.9500,17.7450,17.8200,2167156
2026-02-19,17.7600,17.8300,17.5500,17.7500,2162721
2026-02-20,17.3100,17.6250,17.2185,17.6200,2417098
2026-02-23,17.6700,17.9200,17.4301,17.5600,2329408
2026-02-24,17.8300,18.8000,17.8300,18.7300,8462514
2026-02-25,18.2700,18.4100,18.0100,18.1800,4648666
2026-02-26,17.4100,17.7950,17.2150,17.7600,6469393
2026-02-27,17.4800,17.6200,17.3400,17.5600,3129018
2026-03-02,16.9600,17.0200,16.6750,16.9900,5474475
2026-03-03,15.9500,15.9700,15.3801,15.8700,9544301
2026-03-04,16.0350,16.3150,16.0200,16.1700,6145500
2026-03-05,16.2700,16.6000,16.0100,16.3400,5885774
2026-03-06,16.5200,17.4300,16.5000,17.3200,9554598
2026-03-09,17.9200,18.8000,17.9100,18.4500,14800178
2026-03-10,18.7100,19.2500,18.5200,18.8700,7210293
2026-03-11,19.2700,19.5400,18.9500,19.2900,6759824
2026-03-12,19.5900,20.4200,19.5900,19.9800,13535126
2026-03-13,20.3000,20.4800,19.9700,19.9700,11084128
2026-03-16,19.7300,20.2950,19.6400,20.0900,4421273
2026-03-17,19.9500,20.0100,19.1400,19.1600,9650654
2026-03-18,18.9900,19.0950,18.7000,18.7700,5468518
2026-03-19,18.7000,19.2150,18.5200,19.1500,5739580
2026-03-20,18.3550,18.7000,17.3900,17.5500,14301623
2026-03-23,18.3100,19.0500,18.1600,18.8700,10391506
2026-03-24,18.5500,19.0400,18.4800,18.8600,4881337
2026-03-25,18.5000,18.8950,18.4100,18.8600,4832488
2026-03-26,18.0400,18.1900,17.3150,17.6100,8856737
2026-03-27,17.5300,17.6700,16.8200,16.9300,6760082
2026-03-30,17.0500,17.0900,16.5650,16.7200,5012287
2026-03-31,16.6000,17.2000,16.2500,17.1100,5673263
2026-04-01,17.4700,17.7250,17.3900,17.5100,5682648
2026-04-02,17.0200,17.7250,17.0200,17.7000,3412044
2026-04-06,17.7100,17.7700,17.3000,17.4000,2220677
2026-04-07,17.2600,17.3400,16.8750,17.2200,2717891
2026-04-08,18.0100,18.0800,17.7400,17.8000,4277827
2026-04-09,17.2000,17.3450,16.8700,17.2900,5157018
2026-04-10,17.2300,17.7450,17.2000,17.4200,5511519
2026-04-13,17.2800,17.4900,17.2000,17.4700,2311453
2026-04-14,17.2500,17.8950,17.2350,17.8700,5758396
2026-04-15,17.3100,17.7599,17.2200,17.6600,6689608
2026-04-16,17.9200,18.4900,17.6100,18.2500,6910094
2026-04-17,18.1900,18.3550,17.9675,18.1000,5609680