2026-01-20,607.8800,611.4000,600.0000,604.1200,15040799
2026-01-21,606.7400,618.2700,600.0800,612.9600,14494655
2026-01-22,629.3500,660.5700,626.5500,647.6300,21394669
2026-01-23,644.7700,666.4899,644.4450,658.7600,22797723
2026-01-26,665.1250,675.2800,661.2855,672.3600,16327378
2026-01-27,674.5900,676.8150,664.6600,672.9700,13148719
2026-01-28,674.5000,677.6775,666.1000,668.7300,25709600
2026-01-29,737.4300,744.0000,712.5500,738.3100,59852903
2026-01-30,727.5000,732.1700,713.5900,716.5000,23744573
2026-02-02,714.6000,721.3000,703.5201,706.4100,14365224
2026-02-03,707.3700,717.0000,686.4100,691.7000,13512258
2026-02-04,687.7300,688.8300,667.4600,668.9900,16882761
2026-02-05,663.5800,681.5000,653.5000,670.2100,17131791
2026-02-06,665.4900,671.9899,646.5001,661.4600,18159253
2026-02-09,663.1800,683.3099,658.7800,677.2200,14837529
2026-02-10,677.6000,680.6500,669.7900,670.7200,10455816
2026-02-11,674.0000,679.2675,657.1000,668.6900,14323818
2026-02-12,669.9700,676.0000,645.2800,649.8100,14960108
2026-02-13,645.1000,651.4299,634.5700,639.7700,12336363
2026-02-17,639.4950,642.6000,628.8000,639.2900,12674739
2026-02-18,633.8000,645.0000,628.1450,643.2200,14649196
2026-02-19,638.5700,647.1900,636.7200,644.7800,10035698
2026-02-20,639.6850,663.3499,638.7800,655.6600,14183512
2026-02-23,652.5400,657.7000,636.0000,637.2500,8605909
2026-02-24,633.0800,641.1100,628.9800,639.3000,10135647
2026-02-25,642.5300,653.8800,642.1400,653.6900,11330693
2026-02-26,650.5500,661.0000,647.5000,657.0100,10637736
2026-02-27,643.4500,649.4400,638.1200,648.1800,15703041
2026-03-02,637.1600,659.9400,634.5000,653.5600,9816125
2026-03-03,648.2900,659.0400,638.8400,655.0800,12263754
2026-03-04,657.9600,672.7700,657.6711,667.7300,10810054
2026-03-05,661.9300,670.7000,650.3100,660.5700,13341367
2026-03-06,647.9000,649.4700,636.1100,644.8600,13159356
2026-03-09,634.7800,647.7500,626.7800,647.3900,13489742
2026-03-10,653.5600,660.3000,649.0000,654.0700,9859250
2026-03-11,654.7600,659.1200,648.3600,654.8600,8977162
2026-03-12,648.7500,653.5000,636.9000,638.1800,11617485
2026-03-13,623.8900,629.1699,609.5500,613.7100,18957637
2026-03-16,632.0000,634.7500,623.1004,627.4500,15134852
2026-03-17,627.9850,636.5500,621.7000,622.6600,10348755
2026-03-18,616.3400,622.6500,614.6100,615.6800,11726301
2026-03-19,612.1500,613.0000,602.2600,606.7000,13247696
2026-03-20,603.5300,603.9550,587.2500,593.6600,21214898
2026-03-23,605.7870,608.6400,599.0100,604.0600,13637959
2026-03-24,599.1000,601.0000,591.0000,592.9200,10739742
2026-03-25,598.7400,603.6700,593.4000,594.8900,12585031
2026-03-26,582.4900,583.0000,543.3500,547.5400,35780131
2026-03-27,540.1000,543.5999,520.2600,525.7200,30133010
2026-03-30,536.3800,539.5500,528.5400,536.3800,22795203
2026-03-31,549.9800,573.6900,546.7700,572.1300,32898272
2026-04-01,580.1300,592.5465,573.8200,579.2300,23608128
2026-04-02,566.0350,578.5000,559.7000,574.4600,13518547
2026-04-06,577.6900,582.7900,572.0000,573.0200,9515651
2026-04-07,572.4800,575.2250,564.7600,575.0500,9580843
2026-04-08,606.0000,629.9500,591.8300,612.4200,32036638
2026-04-09,626.9700,637.5000,623.0000,628.3900,19012912
2026-04-10,634.4700,638.5800,624.3300,629.8600,13294844
2026-04-13,629.5000,635.0000,624.4000,634.5300,9538931
2026-04-14,643.2200,666.2600,639.3705,662.4900,17817956
2026-04-15,667.0000,678.5000,664.2200,671.5800,14952577
2026-04-16,675.9900,677.5800,667.7500,676.8700,9544835
2026-04-17,678.6000,691.5200,675.1300,688.5500,16283480