2026-01-20,187.1900,187.1900,179.3600,179.9200,28258233
2026-01-21,179.6800,180.6000,170.6000,173.8800,38189995
2026-01-22,179.3700,180.1600,176.5000,178.1800,21141907
2026-01-23,172.6200,179.6500,172.0000,177.1600,23011338
2026-01-26,179.1000,185.3100,178.5300,182.4400,21100378
2026-01-27,179.1900,179.7200,173.6800,174.9000,26634415
2026-01-28,174.9150,181.6800,171.8600,172.8000,35882668
2026-01-29,170.1500,170.2300,161.5200,169.0100,37254511
2026-01-30,168.1700,168.9000,163.2400,164.5800,27362378
2026-02-02,170.9200,171.2000,160.0000,160.0600,47421032
2026-02-03,158.2600,159.3800,151.9000,154.6700,42797085
2026-02-04,153.8900,153.9400,144.4320,146.6700,42323390
2026-02-05,145.6000,146.5500,135.2500,136.4800,42788953
2026-02-06,139.7500,143.2000,138.9100,142.8200,29962414
2026-02-09,148.4900,159.7500,147.0000,156.5900,49936490
2026-02-10,160.0000,165.3900,156.9600,159.8900,40092248
2026-02-11,163.6600,163.6600,154.0000,157.1600,24538854
2026-02-12,157.9300,159.0400,152.5000,156.4800,23285399
2026-02-13,159.2500,162.3000,155.2900,160.1400,18596959
2026-02-17,157.9800,159.2800,152.8800,153.9700,19610800
2026-02-18,154.4050,157.3000,151.3700,156.1700,14801081
2026-02-19,157.1900,160.0827,155.7700,156.5400,14976323
2026-02-20,153.3000,153.9900,147.3900,148.0800,29621889
2026-02-23,145.6900,145.8000,138.5850,141.3100,31749782
2026-02-24,140.8400,146.7600,138.7300,146.1400,21336624
2026-02-25,149.1600,153.2794,147.3350,147.8900,27303928
2026-02-26,148.7900,152.5000,145.1500,150.3100,20652223
2026-02-27,143.8800,146.0800,142.1000,145.4000,36425195
2026-03-02,141.6200,150.1700,141.1800,149.2500,22418782
2026-03-03,144.7500,150.9300,143.0500,149.0100,20120790
2026-03-04,150.0100,153.6100,149.1000,152.3700,17585394
2026-03-05,152.5900,157.9400,150.1200,154.7900,24094779
2026-03-06,152.9200,159.1900,151.6200,152.9600,38000592
2026-03-09,150.7000,152.0000,146.4348,151.5600,31173468
2026-03-10,153.6200,154.1400,148.4500,149.4000,51544623
2026-03-11,166.3800,171.7600,160.5800,163.1200,83247484
2026-03-12,164.6600,167.8300,158.6100,159.1600,37133719
2026-03-13,159.0500,160.7700,154.1500,155.1100,26350375
2026-03-16,156.0600,158.7400,154.5104,155.9700,21607689
2026-03-17,155.4400,158.9200,153.5001,154.6900,23929463
2026-03-18,153.4000,154.9652,152.0400,152.9000,18051075
2026-03-19,150.4600,156.9200,148.8900,155.5200,22046113
2026-03-20,153.0500,153.2500,147.9500,149.6800,37551358
2026-03-23,151.4200,155.7800,150.7100,154.3400,19927945
2026-03-24,153.0000,153.9000,146.8500,147.0900,26122141
2026-03-25,149.2250,149.8400,144.6008,146.0200,20683774
2026-03-26,143.8900,146.4700,142.5400,142.8100,16961884
2026-03-27,140.9300,141.6900,138.3010,139.6600,17929588
2026-03-30,140.0400,141.2000,136.9500,138.8000,20125734
2026-03-31,140.3000,147.3950,139.8500,147.1100,24491953
2026-04-01,149.0900,149.6500,144.6700,145.2300,20495868
2026-04-02,142.7800,146.4400,140.3000,146.3800,14381866
2026-04-06,147.4400,148.5500,143.8500,145.5400,12556727
2026-04-07,143.7800,144.5700,139.9400,143.1700,17250445
2026-04-08,150.3000,151.4600,142.9000,143.6600,23527034
2026-04-09,142.2000,142.8000,136.0000,137.8600,30407824
2026-04-10,137.3200,140.1650,134.5700,138.0900,26171810
2026-04-13,139.7700,155.9100,139.7200,155.6200,49997735
2026-04-14,167.9300,169.4000,161.5600,163.0000,59779843
2026-04-15,166.8900,172.5600,166.2100,169.8100,43010821
2026-04-16,176.4200,180.2700,173.8000,178.3400,46997279
2026-04-17,182.9300,184.5000,173.3600,175.0600,45282649