2026-01-20,218.2100,226.1475,217.6100,222.4100,11391144
2026-01-21,223.0500,232.9000,220.6600,228.3900,12454809
2026-01-22,235.5600,236.1000,219.7600,220.7000,11958641
2026-01-23,217.8700,223.3600,213.8699,217.9400,10156786
2026-01-26,218.9800,225.3500,215.9301,222.8700,10625570
2026-01-27,230.6300,239.5000,228.7600,238.4600,11857740
2026-01-28,241.2700,243.9900,237.1400,239.5800,15630573
2026-01-29,245.6100,251.3799,236.8150,248.1700,16801621
2026-01-30,244.2600,251.8700,232.0000,233.4600,18352886
2026-02-02,233.3300,242.9500,232.0000,237.5000,13299344
2026-02-03,244.8900,246.6199,226.8794,230.1000,13406665
2026-02-04,229.8700,231.1100,205.1100,209.7800,19608022
2026-02-05,208.1300,215.8500,204.5700,213.3100,10928873
2026-02-06,220.6700,232.4500,218.7600,231.0100,13848778
2026-02-09,229.0050,231.3150,223.3900,229.2800,9976654
2026-02-10,229.2800,229.3100,220.2500,226.6100,7909518
2026-02-11,235.5450,240.3400,230.0400,235.1200,9555840
2026-02-12,236.3300,238.9100,229.6400,231.2900,10662129
2026-02-13,236.1800,242.7799,233.3900,235.5300,9905432
2026-02-17,231.4500,238.1500,228.8800,235.5800,7368503
2026-02-18,236.3800,245.2700,234.1000,240.0900,10095399
2026-02-19,234.0700,237.9200,231.4200,237.3900,6384161
2026-02-20,237.5450,245.7600,236.9650,244.9200,8601201
2026-02-23,245.3500,249.4000,237.3701,242.2700,9488020
2026-02-24,243.4500,247.7600,238.9750,244.2500,9087090
2026-02-25,249.8900,256.6800,248.3900,249.4800,9835405
2026-02-26,246.0300,248.5029,230.7000,239.0700,10700292
2026-02-27,233.4600,240.1000,232.6800,233.8900,12988890
2026-03-02,229.2800,233.8300,227.2300,231.0000,10294014
2026-03-03,223.7700,224.1200,215.7900,217.2700,12442344
2026-03-04,221.7050,225.1200,219.0000,222.9900,8614367
2026-03-05,218.4100,222.4100,208.1300,214.6800,10241012
2026-03-06,205.4500,211.2400,198.4500,199.3300,13597779
2026-03-09,195.0000,211.5000,194.0800,211.1500,13421037
2026-03-10,211.0000,220.8199,210.8800,215.2300,10699719
2026-03-11,214.4500,221.6200,214.0000,218.8700,7160496
2026-03-12,213.6700,215.1650,208.0000,209.4900,9932883
2026-03-13,212.3400,218.0000,211.2300,212.2000,8906514
2026-03-16,217.9500,221.4600,215.9500,219.4000,9533106
2026-03-17,220.5250,226.7100,218.5500,226.4700,10043719
2026-03-18,226.7420,232.3200,222.9750,224.7100,12478811
2026-03-19,218.1700,235.1400,215.0000,233.9900,10101889
2026-03-20,234.3200,236.8400,222.0450,228.3600,26176384
2026-03-23,230.3900,239.5200,227.0650,233.3100,9506241
2026-03-24,230.1600,241.3700,230.1600,238.8400,7388016
2026-03-25,236.1500,237.1000,227.3600,233.4500,8330641
2026-03-26,225.7400,226.8850,211.3800,211.6200,13460512
2026-03-27,209.6650,216.9999,209.0000,211.4100,8503305
2026-03-30,214.5550,216.2900,198.6000,199.9300,11921042
2026-03-31,205.9950,213.8400,203.0100,213.6600,11725020
2026-04-01,215.4500,225.5000,215.0000,222.0100,10697587
2026-04-02,208.8400,222.0100,208.8000,218.4400,6805362
2026-04-06,220.1300,221.5599,216.5300,220.6500,4031245
2026-04-07,218.2400,224.4900,216.5000,224.3500,6818401
2026-04-08,242.7500,249.1900,241.4900,246.4900,11022994
2026-04-09,248.3300,259.0000,247.3500,258.7600,9757778
2026-04-10,263.1850,268.2300,259.3310,263.6600,9124738
2026-04-13,263.1200,267.5400,260.8500,267.3200,8773580
2026-04-14,271.8550,273.5000,264.9000,272.4100,8500605
2026-04-15,267.0000,267.9900,255.4800,265.1600,11324225
2026-04-16,263.4800,266.2500,259.1800,260.9600,7829408
2026-04-17,267.9700,268.7600,262.4201,267.6000,8465435