2026-01-20,31.2100,31.7250,30.2200,31.4100,39458927
2026-01-21,31.6550,32.6800,30.9600,32.2400,37885069
2026-01-22,33.0000,33.4900,32.3700,32.4500,29917816
2026-01-23,33.5500,33.6350,31.3250,31.7000,34482350
2026-01-26,31.4800,31.5500,30.6600,30.8000,19400442
2026-01-27,30.8300,31.2900,29.9000,31.2000,20615711
2026-01-28,31.5900,32.3300,30.9700,31.2100,24239906
2026-01-29,30.7200,30.7600,29.1400,30.1200,28135473
2026-01-30,30.1900,30.3700,28.8998,29.1100,24089622
2026-02-02,29.0300,30.9600,28.8000,29.7100,26817001
2026-02-03,30.0000,30.1700,28.6400,29.6700,32263622
2026-02-04,32.9500,34.9400,31.7000,33.7600,115558234
2026-02-05,33.0150,33.4900,29.3700,30.8500,60313982
2026-02-06,31.8350,34.7000,31.2200,34.3800,49279810
2026-02-09,33.2100,33.9050,32.6500,33.5300,32251890
2026-02-10,33.8500,34.3900,33.0100,33.3300,24777531
2026-02-11,33.8900,33.9100,31.6350,32.0400,24547164
2026-02-12,32.1900,32.3200,30.4200,30.4300,25527940
2026-02-13,30.6400,31.2200,30.2600,30.5400,21660684
2026-02-17,30.3050,30.7500,29.5800,30.1100,20377352
2026-02-18,30.2000,30.4150,29.3500,29.7100,16814720
2026-02-19,31.2500,32.2000,30.9900,32.1600,42320070
2026-02-20,31.4150,32.9100,31.4150,32.4200,26058941
2026-02-23,31.7600,32.0900,30.5650,30.7100,21437208
2026-02-24,31.0500,31.3700,30.2900,31.1300,17982582
2026-02-25,31.4700,33.8550,31.4600,33.6000,32402874
2026-02-26,33.2200,33.4500,31.1600,32.2800,28496121
2026-02-27,31.8600,33.0400,31.3800,32.3900,27204820
2026-03-02,30.9000,31.9750,30.5500,31.8300,28730017
2026-03-03,30.8900,31.3300,29.6803,30.6800,26566022
2026-03-04,30.9600,32.9600,30.8500,32.6500,31472436
2026-03-05,32.3150,33.5100,31.4700,32.2400,26932479
2026-03-06,31.4400,32.4100,31.1150,31.3100,21134588
2026-03-09,30.7000,32.1600,29.8500,31.9800,27705326
2026-03-10,31.8500,32.3800,31.5550,31.7900,19233134
2026-03-11,32.5100,33.0700,31.5500,31.7900,22009241
2026-03-12,31.6600,31.8100,30.8000,30.9000,16569358
2026-03-13,31.0400,31.2250,30.2200,30.7500,18279112
2026-03-16,31.5000,32.4300,30.9200,31.8600,28823950
2026-03-17,31.9550,32.8110,31.4800,31.5100,20833629
2026-03-18,31.3200,31.6750,30.3250,30.3500,24360497
2026-03-19,30.0000,31.5200,29.7900,30.7900,25754925
2026-03-20,22.5200,23.0950,20.3500,20.5300,242958521
2026-03-23,20.3100,22.1400,19.4800,21.5800,114269718
2026-03-24,21.3000,22.5600,20.9900,22.2300,69821358
2026-03-25,22.6300,24.1900,22.5700,24.0500,67917074
2026-03-26,23.3200,23.7400,21.8600,22.2100,53777298
2026-03-27,22.2100,22.3600,21.3800,21.9700,33020433
2026-03-30,22.1800,22.2500,20.7100,21.0600,34074917
2026-03-31,21.3900,22.8000,21.3400,22.7700,37631148
2026-04-01,22.8700,23.3650,22.3500,22.5100,33420872
2026-04-02,21.9800,23.3350,21.8700,23.2200,30446148
2026-04-06,23.0700,23.4600,22.0300,22.0500,23564773
2026-04-07,22.0000,22.6900,21.7900,22.6700,25328298
2026-04-08,23.9900,24.1800,22.8600,23.3700,31894248
2026-04-09,23.3900,23.9500,23.0900,23.2200,28653966
2026-04-10,23.6400,25.5450,23.6400,25.2600,43565769
2026-04-13,25.0600,25.9900,24.4500,25.9700,30023561
2026-04-14,27.0000,27.7950,26.5000,27.2000,40885366
2026-04-15,27.7300,27.9300,26.9500,27.2900,27816852
2026-04-16,27.5800,28.7200,26.6700,28.4000,28966108
2026-04-17,29.0600,29.1300,28.1800,28.5600,21872276