2026-01-20,94.7200,94.9000,91.9881,92.3500,2340718
2026-01-21,93.0100,93.8900,91.6200,93.8100,1887994
2026-01-22,94.2500,95.1200,93.1700,93.8500,1576327
2026-01-23,93.9000,94.2299,92.6600,93.5900,1197395
2026-01-26,93.7700,94.6200,93.3500,93.8400,1154841
2026-01-27,93.8000,93.8000,90.7350,91.7200,2437821
2026-01-28,91.9200,93.0538,91.5700,92.2400,1405227
2026-01-29,93.0000,93.6400,91.5400,93.0300,1186920
2026-01-30,92.7300,92.7300,90.1300,92.1300,2720843
2026-02-02,91.5400,92.4500,89.1750,89.4200,1827832
2026-02-03,89.2000,89.9000,87.1000,88.6100,1750493
2026-02-04,88.7700,91.6400,87.9000,90.0700,2076624
2026-02-05,89.8800,90.0300,88.6100,88.9500,1510051
2026-02-06,90.8300,96.4400,89.5800,95.7800,2458581
2026-02-09,95.6700,97.6700,95.0200,97.0800,1745319
2026-02-10,97.3000,100.2300,96.4050,99.3100,1891351
2026-02-11,99.7200,100.6100,98.7100,100.2200,2802830
2026-02-12,103.6100,110.9100,103.3900,106.0000,5864623
2026-02-13,107.0000,110.8899,106.0900,109.8300,4050404
2026-02-17,110.9800,111.6300,108.0216,108.7900,2501222
2026-02-18,108.5900,109.1250,105.1400,105.8300,2159579
2026-02-19,106.2000,108.4500,105.2500,108.1500,1700153
2026-02-20,108.1700,110.3700,107.3740,110.2900,1521389
2026-02-23,109.8400,111.4600,109.3650,111.1900,1843313
2026-02-24,111.2500,113.3400,110.5800,113.2400,1616657
2026-02-25,113.6300,115.2400,111.0400,111.7800,2297855
2026-02-26,112.2400,112.7000,107.7900,109.3500,1609533
2026-02-27,108.2600,110.7300,107.7200,108.3300,3133196
2026-03-02,107.2700,110.8400,106.5900,110.3300,1767395
2026-03-03,107.6000,108.2500,104.6800,107.7800,1419493
2026-03-04,107.7400,108.1250,106.3400,107.8400,1313218
2026-03-05,105.6100,107.5600,104.6200,107.3000,1592753
2026-03-06,106.0700,106.6050,104.8900,105.1800,879227
2026-03-09,104.2200,107.6600,102.5200,107.1400,1292239
2026-03-10,106.7700,108.7890,106.2290,107.7700,1187818
2026-03-11,107.2900,108.7500,106.3450,107.5900,1432450
2026-03-12,106.8700,108.7650,105.8700,107.3800,1526816
2026-03-13,108.9400,109.6100,106.6100,106.8400,1319378
2026-03-16,107.7400,108.5500,106.8150,107.5200,1368163
2026-03-17,108.2500,109.1900,107.1500,107.9600,1279582
2026-03-18,107.6200,108.2200,105.7000,105.7400,1163941
2026-03-19,104.4300,105.7000,103.5700,104.9400,1484466
2026-03-20,104.7400,105.5800,99.5100,99.6100,3053984
2026-03-23,102.5200,103.7800,101.0300,101.9400,1566681
2026-03-24,101.8000,102.8700,100.3600,100.7100,1337082
2026-03-25,102.0800,102.2250,100.0300,100.5300,1443853
2026-03-26,99.8100,101.0400,99.0300,100.2100,1126278
2026-03-27,99.2400,100.2700,97.8310,98.3000,1367674
2026-03-30,100.0300,100.0300,96.9100,97.6000,1308030
2026-03-31,99.0500,103.2400,98.5000,102.1400,2005124
2026-04-01,103.0600,104.0800,100.9000,100.9500,1505703
2026-04-02,99.9000,103.5300,99.1700,103.3000,1114143
2026-04-06,103.0000,104.7700,102.6100,104.3600,1090073
2026-04-07,103.6400,105.0950,102.4701,104.7300,831767
2026-04-08,108.2100,108.3900,106.2500,106.9700,1580484
2026-04-09,107.0000,109.6350,106.8250,108.6900,1185600
2026-04-10,108.9900,109.4900,108.4100,109.3700,1062396
2026-04-13,109.3000,111.9200,108.3100,111.8800,1085576
2026-04-14,112.8800,114.3000,112.1500,114.0300,1107724
2026-04-15,113.9100,114.1400,112.7900,113.5500,998202
2026-04-16,114.4000,118.0200,113.8500,117.7300,1830866
2026-04-17,118.5500,119.1500,116.9600,118.0700,1938855