2026-01-20,90.8350,97.0000,88.9300,89.9300,12456049
2026-01-21,96.3900,100.2000,86.0200,90.7800,24269698
2026-01-22,92.4600,93.6000,89.8800,90.9300,10120768
2026-01-23,91.3900,91.3900,86.1700,87.6300,9368050
2026-01-26,86.1800,86.8100,81.1300,82.3100,8698057
2026-01-27,82.8100,86.8500,81.2100,85.2700,10467705
2026-01-28,86.7300,95.1000,85.6000,94.3900,16371951
2026-01-29,93.9500,93.9500,83.5000,86.0400,14347339
2026-01-30,85.1500,88.6800,78.9100,79.6200,10751843
2026-02-02,78.2500,78.3800,73.2900,73.6200,11421895
2026-02-03,75.4800,79.1799,74.0301,78.0000,10556516
2026-02-04,77.2000,77.2600,64.0000,68.2300,19015112
2026-02-05,66.5000,67.3799,61.6750,62.1400,11726124
2026-02-06,64.9800,72.1800,64.3100,71.1000,12709741
2026-02-09,69.3100,75.5000,68.6400,75.0500,8376071
2026-02-10,74.4800,76.3650,69.1300,69.4700,8060263
2026-02-11,71.4400,71.5000,64.8900,66.2300,8984475
2026-02-12,67.1700,67.7100,63.6200,63.9200,7938479
2026-02-13,64.4200,68.1883,62.5600,65.6900,6085807
2026-02-17,64.6000,69.5850,62.8400,67.6400,6074399
2026-02-18,67.3800,70.1500,65.8000,67.3900,5217014
2026-02-19,66.2250,68.3600,64.3400,67.6400,5446632
2026-02-20,66.6600,67.7700,62.6800,63.8300,7083082
2026-02-23,61.6000,63.3400,60.8900,63.0900,6173606
2026-02-24,61.7050,65.3000,60.1200,65.0600,6697997
2026-02-25,66.4100,67.6700,64.7600,66.3200,6044277
2026-02-26,65.8400,69.9500,64.6000,69.0700,8025947
2026-02-27,65.7200,66.0800,62.0700,62.9500,8187084
2026-03-02,60.1200,64.8988,60.0000,64.6800,7190571
2026-03-03,61.9300,64.5150,60.0401,63.3000,5983547
2026-03-04,63.8000,66.1800,63.3000,65.6500,6168960
2026-03-05,64.4000,64.6207,59.0700,62.0300,9806842
2026-03-06,60.3100,62.8000,58.1850,58.2500,8836851
2026-03-09,57.1100,62.0600,56.4700,61.7800,8297548
2026-03-10,61.9100,63.4500,61.2600,61.3800,6064594
2026-03-11,61.8000,64.1000,61.1060,62.7600,6280488
2026-03-12,61.7400,63.2000,59.5100,59.5900,7154187
2026-03-13,61.0600,61.7300,57.9500,58.3700,5841009
2026-03-16,59.8400,60.3600,57.8270,59.6900,6306437
2026-03-17,64.9600,65.9700,59.2400,60.5300,19128898
2026-03-18,60.1900,61.7500,56.6800,56.7000,11984813
2026-03-19,55.6400,56.6861,53.5000,54.6900,9444902
2026-03-20,54.5700,57.3200,52.7500,53.9700,12577716
2026-03-23,54.6000,57.2100,54.0200,56.2600,9233206
2026-03-24,55.4600,56.0800,53.3300,54.9600,7418550
2026-03-25,56.4600,57.6500,54.4300,55.2700,6012039
2026-03-26,53.6100,54.8750,51.1000,51.8100,7246325
2026-03-27,51.5200,52.6351,50.1500,50.2300,6419401
2026-03-30,50.9400,51.9700,44.8800,45.5800,10856104
2026-03-31,46.0200,50.0000,45.6001,49.5900,9401210
2026-04-01,51.0800,51.8450,47.9200,48.0700,8033125
2026-04-02,45.9500,49.0500,45.3600,48.1300,5533365
2026-04-06,48.1000,49.8500,47.9800,48.7600,4911162
2026-04-07,47.4000,47.9400,44.9100,46.5900,6855147
2026-04-08,50.5200,51.3800,48.0000,50.2100,8582363
2026-04-09,49.5300,50.3600,47.3950,47.7500,5966079
2026-04-10,48.8600,52.1500,48.5500,50.2500,7166936
2026-04-13,49.0000,53.9600,48.1000,53.9400,8487341
2026-04-14,59.0900,61.6100,56.2200,58.5800,18440867
2026-04-15,62.5300,66.6200,61.1100,63.3500,21905536
2026-04-16,67.6100,68.7600,60.8100,64.2100,18340953
2026-04-17,66.0600,74.2100,64.9500,66.8100,24357202