2026-01-20,12.6500,12.9200,12.3500,12.4900,6296510
2026-01-21,12.6000,12.8850,12.2700,12.6200,4940216
2026-01-22,12.7300,13.0650,12.7050,12.9700,3737495
2026-01-23,12.9400,13.0100,12.5250,12.6900,3990714
2026-01-26,12.6900,12.9500,12.5800,12.9300,4002917
2026-01-27,12.9500,12.9500,12.5000,12.6000,3965115
2026-01-28,14.0900,14.2000,12.8100,13.1300,19329266
2026-01-29,12.7600,12.8100,12.0503,12.2600,10444971
2026-01-30,11.9000,12.0468,10.9000,11.0100,15374299
2026-02-02,10.9000,11.2400,10.6150,10.9200,6501458
2026-02-03,10.9200,10.9500,10.1900,10.7500,9320899
2026-02-04,10.6300,11.1300,10.4500,11.1100,8499032
2026-02-05,10.7800,11.1000,9.9900,10.1500,7927428
2026-02-06,10.3000,11.7400,10.2100,11.6500,9461897
2026-02-09,11.4000,11.8150,10.9600,11.6400,7541993
2026-02-10,11.6600,12.0600,11.4600,11.4800,6510460
2026-02-11,11.4400,11.4996,10.5150,10.8400,5487354
2026-02-12,10.8000,10.9700,10.2100,10.3800,6272337
2026-02-13,10.6000,11.0800,10.4600,10.7800,5666114
2026-02-17,10.7500,10.9300,10.1600,10.4000,5051321
2026-02-18,10.4700,10.8200,10.2770,10.6000,3733642
2026-02-19,10.4600,10.7250,10.2900,10.7000,3697763
2026-02-20,10.5800,10.9200,10.2950,10.3800,7417973
2026-02-23,10.3000,10.3000,9.5300,9.7900,7058213
2026-02-24,9.6800,10.1800,9.5500,10.1200,5547853
2026-02-25,10.2100,10.5300,10.0000,10.3100,10067414
2026-02-26,7.7900,8.7100,7.7300,8.4000,30936509
2026-02-27,8.2100,8.3972,7.8500,7.9500,12417577
2026-03-02,7.8000,8.6750,7.7248,8.6500,12259491
2026-03-03,8.4000,9.2800,8.3000,9.1000,9667361
2026-03-04,9.1800,9.4800,9.1400,9.2900,6530502
2026-03-05,9.1900,9.5800,9.1000,9.3900,6549757
2026-03-06,9.1850,9.3200,9.0500,9.1900,4756674
2026-03-09,9.0000,9.3050,8.8310,9.2700,4378666
2026-03-10,9.2600,9.3400,8.8300,8.9600,4437280
2026-03-11,9.0950,9.4200,9.0100,9.2600,5773094
2026-03-12,9.1600,9.3000,8.7800,8.8700,4133942
2026-03-13,8.9300,9.0400,8.7200,8.9100,6191478
2026-03-16,9.0000,9.0300,8.7750,8.8000,4575000
2026-03-17,8.7850,8.9750,8.6600,8.8100,4191008
2026-03-18,8.6500,8.8350,8.5500,8.6100,4058551
2026-03-19,8.4500,8.7300,8.4100,8.6700,3652722
2026-03-20,8.5800,8.6200,8.2900,8.4700,7029230
2026-03-23,8.4000,8.9000,8.4000,8.7200,4930856
2026-03-24,8.6000,8.6600,8.2750,8.2900,4299644
2026-03-25,8.5100,8.6550,8.1000,8.2800,4734420
2026-03-26,8.1700,8.4800,8.1476,8.3100,4090884
2026-03-27,8.1500,8.1500,7.7000,7.7600,6506926
2026-03-30,7.7900,7.8800,7.6750,7.7900,6403683
2026-03-31,7.9600,8.4400,7.9600,8.4200,5404266
2026-04-01,8.6000,8.7650,8.4500,8.4700,3543231
2026-04-02,8.3300,8.7600,8.2500,8.6400,3742097
2026-04-06,8.6500,8.8300,8.6000,8.7700,3360151
2026-04-07,8.6300,8.7900,8.4600,8.7300,2683280
2026-04-08,9.1200,9.3100,8.7450,8.7800,5950634
2026-04-09,8.7100,8.7800,8.3600,8.5800,3755018
2026-04-10,8.6100,8.6900,8.2200,8.2800,4352240
2026-04-13,8.2100,8.5250,7.9000,8.4700,4810628
2026-04-14,8.5900,8.7500,8.3600,8.4000,4775033
2026-04-15,8.5400,9.5750,8.5400,9.5200,7948470
2026-04-16,9.6500,9.9400,8.9650,9.3200,7170683
2026-04-17,9.6300,9.7250,9.1700,9.2400,5577953