2026-01-20,451.2150,456.8000,449.2800,454.5200,25973898
2026-01-21,452.5950,452.6900,438.6800,444.1100,37980510
2026-01-22,447.6200,452.8400,444.7000,451.1400,25349378
2026-01-23,451.8700,471.1000,450.5300,465.9500,38000159
2026-01-26,465.3050,474.2500,462.0000,470.2800,29291235
2026-01-27,473.7000,482.8700,473.1600,480.5800,29088664
2026-01-28,483.2100,483.7400,478.0000,481.6300,36875403
2026-01-29,439.9900,442.5000,421.0200,433.5000,128855323
2026-01-30,439.1700,439.6000,426.4500,430.2900,58566819
2026-02-02,430.2350,430.7360,422.2500,423.3700,42219858
2026-02-03,422.0100,422.0500,408.5600,411.2100,60076532
2026-02-04,411.0000,419.8000,409.2400,414.1900,45012374
2026-02-05,407.4400,408.3000,392.3200,393.6700,66289247
2026-02-06,399.1650,401.7900,392.9200,401.1400,53515311
2026-02-09,404.8500,414.8900,400.8700,413.6000,45480526
2026-02-10,419.6200,423.6800,412.7000,413.2700,44857850
2026-02-11,416.1750,416.4600,401.0100,404.3700,42491012
2026-02-12,405.0000,406.2000,398.0100,401.8400,40802362
2026-02-13,404.4500,405.5400,398.0500,401.3200,34091553
2026-02-17,399.2200,400.5200,394.5250,396.8600,32078794
2026-02-18,398.1300,402.5600,396.3200,399.6000,23223417
2026-02-19,400.6900,404.4300,396.6700,398.4600,28234001
2026-02-20,396.1100,400.1159,395.1600,397.2300,34015249
2026-02-23,395.0000,395.3600,383.1000,384.4700,43238273
2026-02-24,384.1400,389.3600,381.7100,389.0000,33884653
2026-02-25,390.5250,401.4700,390.1600,400.6000,43625483
2026-02-26,404.7100,407.4900,398.7400,401.7200,34405869
2026-02-27,390.8800,396.8200,389.8800,392.7400,51367196
2026-03-02,392.8550,401.1900,390.6300,398.5500,35474907
2026-03-03,393.1400,406.7000,392.6700,403.9300,38199209
2026-03-04,401.2650,411.0326,400.3100,405.2000,35807990
2026-03-05,404.4200,411.6100,404.4000,410.6800,39001315
2026-03-06,409.2000,413.0500,408.5101,408.9600,31123859
2026-03-09,404.9150,410.2100,403.5000,409.4100,30131854
2026-03-10,410.0300,410.2000,402.9300,405.7600,31706375
2026-03-11,405.5700,409.0100,401.5900,404.8800,25512139
2026-03-12,404.6300,406.1200,401.7100,401.8600,27263886
2026-03-13,401.0000,404.8000,394.2500,395.5500,26848000
2026-03-16,398.0700,400.6300,394.7900,399.9500,27733721
2026-03-17,400.2700,404.4000,397.7450,399.4100,26228279
2026-03-18,397.1250,398.0000,391.0000,391.7900,25908484
2026-03-19,390.1000,392.4900,387.0600,389.0200,25138772
2026-03-20,386.7900,387.0000,380.1200,381.8700,50853154
2026-03-23,383.9000,387.2100,381.6800,383.0000,29680059
2026-03-24,382.3600,382.4700,371.8500,372.7400,42733625
2026-03-25,376.9200,377.0600,369.6300,371.0400,31181163
2026-03-26,370.8150,374.7199,365.1900,365.9700,36836574
2026-03-27,361.9000,362.4500,356.5100,356.7700,37883400
2026-03-30,361.8950,365.3600,356.2800,358.9600,44797002
2026-03-31,364.5500,372.9000,363.0700,370.1700,45244365
2026-04-01,373.4900,373.9900,368.2000,369.3700,29417206
2026-04-02,367.2050,373.6400,364.1500,373.4600,24099067
2026-04-06,373.4900,373.7300,369.5014,372.8800,16146572
2026-04-07,370.3400,372.4500,366.5600,372.2900,21443349
2026-04-08,384.9800,385.0000,371.4100,374.3300,33064818
2026-04-09,372.5000,373.5000,367.0500,373.0700,30435297
2026-04-10,372.9800,375.6400,370.0300,370.8700,28111128
2026-04-13,373.6050,384.5400,371.0200,384.3700,35745781
2026-04-14,387.9150,394.6900,386.5200,393.1100,37504486
2026-04-15,398.0000,414.3699,396.7300,411.2200,45063389
2026-04-16,419.8600,420.8200,412.1400,420.2600,41642361
2026-04-17,424.8200,431.5800,420.6900,422.7900,48568190