2026-01-20,167.6250,171.9700,166.2400,168.5300,36201827
2026-01-21,168.4020,169.4900,161.1100,165.3300,47851224
2026-01-22,168.9250,169.0000,164.9500,165.9000,28499472
2026-01-23,167.2700,172.0000,166.3000,169.6000,30285671
2026-01-26,168.2100,170.5897,167.3250,167.4700,22777164
2026-01-27,167.4800,169.4400,164.6900,165.7000,26345433
2026-01-28,164.4000,165.0450,157.2400,157.3500,44822848
2026-01-29,157.6300,157.6300,147.1200,151.8600,59846810
2026-01-30,150.0500,151.0000,145.1390,146.5900,47271042
2026-02-02,150.9400,151.4000,146.6540,147.7600,72811145
2026-02-03,165.0500,165.0780,153.1200,157.8800,112272916
2026-02-04,155.4100,155.8500,135.6800,139.5400,113199525
2026-02-05,136.8200,137.9800,128.3200,130.0100,93690793
2026-02-06,135.3300,137.6871,132.3500,135.9000,62661425
2026-02-09,136.5800,145.8700,134.7760,142.9100,58042462
2026-02-10,144.9650,145.5599,137.7700,139.5100,56061308
2026-02-11,139.0250,139.2500,132.9500,135.6800,52796053
2026-02-12,135.3600,135.8900,126.5600,129.1300,74090639
2026-02-13,127.9000,133.5600,126.2325,131.4100,49438053
2026-02-17,128.8950,134.3200,127.2900,133.0200,48407140
2026-02-18,135.8900,140.9625,134.8700,135.3800,59677079
2026-02-19,132.3100,136.1600,131.0100,134.8900,42197237
2026-02-20,132.3650,136.2100,131.1700,135.2400,53726811
2026-02-23,132.0400,132.0400,127.3900,130.6000,52512157
2026-02-24,129.0050,130.2400,126.3700,128.8400,47121438
2026-02-25,130.6100,136.0900,129.1800,134.1900,53078287
2026-02-26,133.8450,137.5100,132.6300,135.9400,45100010
2026-02-27,134.0700,138.1000,133.9800,137.1900,59412395
2026-03-02,140.7750,147.1400,140.5200,145.1700,72683884
2026-03-03,142.1000,147.5000,138.2000,147.2200,67460192
2026-03-04,148.4300,154.5200,148.0600,153.1900,60062166
2026-03-05,152.9400,156.3800,149.6100,152.6700,50714514
2026-03-06,150.4400,161.4500,150.2900,157.1600,74980855
2026-03-09,155.6900,158.4400,152.9700,156.4300,47574200
2026-03-10,155.9900,156.6571,150.1400,151.1400,47501391
2026-03-11,151.3800,153.1690,149.3304,151.6000,33955903
2026-03-12,153.0100,155.8800,150.9800,153.5000,54409799
2026-03-13,153.3000,154.5600,148.5800,150.9500,42460572
2026-03-16,152.4500,153.8600,151.1700,152.7200,32898946
2026-03-17,152.4050,156.7500,152.1200,155.0800,37118457
2026-03-18,154.9450,156.6900,152.6100,152.7700,32476677
2026-03-19,153.1000,156.1500,150.5000,155.6800,33915877
2026-03-20,155.2000,156.6500,149.0900,150.6800,48700189
2026-03-23,153.2400,161.0800,153.2400,160.8400,57507057
2026-03-24,160.0700,162.4000,151.6400,154.7800,56155680
2026-03-25,157.4200,160.2700,154.8550,154.9600,38543289
2026-03-26,153.0550,153.1200,147.2500,147.5600,43038425
2026-03-27,145.8800,145.9600,141.5600,143.0600,35790820
2026-03-30,143.2700,144.1200,136.3000,137.5500,41289824
2026-03-31,140.0200,147.8599,138.9700,146.2800,45558573
2026-04-01,147.0000,148.3000,144.4700,146.4900,34170985
2026-04-02,143.4850,148.5100,137.9900,148.4600,30436962
2026-04-06,148.3600,150.6100,146.6308,147.9300,25142245
2026-04-07,146.8820,150.2700,144.4500,150.0700,28671080
2026-04-08,154.7650,156.2800,139.1701,140.7600,64827655
2026-04-09,139.3950,139.5400,128.4700,130.4900,92361443
2026-04-10,128.4800,129.2000,122.6800,128.0600,116656836
2026-04-13,130.2300,134.4199,129.1500,132.3700,65772822
2026-04-14,134.4265,138.0700,134.0000,135.7000,52786834
2026-04-15,136.7900,142.5800,134.9300,142.1500,48389446
2026-04-16,144.2900,145.5500,139.5300,142.7600,43746002
2026-04-17,145.3150,148.2800,143.3000,146.3900,50657587