2026-01-20,1525.4000,1555.2600,1484.3350,1486.1800,1718370
2026-01-21,1507.2500,1541.2500,1480.4401,1520.0000,1499935
2026-01-22,1549.1400,1556.5800,1497.8800,1500.0000,1026018
2026-01-23,1484.2300,1512.9700,1451.8200,1512.7800,1010484
2026-01-26,1512.4400,1556.7197,1490.5500,1543.0300,1260150
2026-01-27,1561.5000,1618.1900,1555.0000,1616.3300,1161274
2026-01-28,1634.4600,1650.0000,1600.9700,1627.2000,1091527
2026-01-29,1642.9300,1693.3500,1608.2100,1684.7100,1506394
2026-01-30,1540.0000,1585.0000,1416.8400,1427.9400,2788141
2026-02-02,1400.0300,1440.2500,1400.0100,1410.4500,1603848
2026-02-03,1445.9500,1449.2900,1324.3900,1355.5400,2019374
2026-02-04,1365.2300,1377.3200,1285.0400,1307.2200,1583806
2026-02-05,1292.8900,1349.8800,1285.0400,1331.0300,1301719
2026-02-06,1377.1600,1449.2500,1371.1800,1442.9500,1571467
2026-02-09,1440.0000,1457.0000,1424.5300,1440.1600,1639562
2026-02-10,1424.1400,1444.0000,1412.0100,1430.8400,843559
2026-02-11,1468.9200,1502.1050,1445.9700,1479.5000,1092992
2026-02-12,1478.0200,1495.0700,1434.4600,1450.8500,1051393
2026-02-13,1451.0020,1494.4700,1435.0100,1464.1300,1012377
2026-02-17,1445.5000,1486.9500,1427.6700,1470.1900,623432
2026-02-18,1478.1000,1502.8380,1467.5700,1480.3000,651053
2026-02-19,1450.1000,1474.6650,1442.0800,1469.9000,626077
2026-02-20,1455.0700,1497.6100,1455.0700,1496.0000,684297
2026-02-23,1489.8700,1516.9999,1456.0001,1487.6600,850073
2026-02-24,1507.7700,1530.0000,1475.5450,1506.6500,667127
2026-02-25,1544.7600,1577.3450,1541.1100,1546.6800,876173
2026-02-26,1545.1100,1555.0000,1468.8125,1524.3100,1184269
2026-02-27,1497.0100,1537.3851,1490.5200,1524.5500,1107061
2026-03-02,1475.0000,1540.7700,1475.0000,1534.9500,759131
2026-03-03,1475.6300,1487.5000,1426.5200,1441.3500,1267245
2026-03-04,1466.3000,1490.0000,1449.0300,1475.9100,798546
2026-03-05,1453.3400,1475.5600,1390.0000,1429.3600,1078505
2026-03-06,1372.9200,1418.6700,1332.0000,1344.5500,1117853
2026-03-09,1322.9300,1435.2200,1321.0200,1429.1000,1120698
2026-03-10,1421.1000,1487.1000,1410.0001,1452.9400,891533
2026-03-11,1459.0000,1495.0000,1454.0000,1465.0000,817170
2026-03-12,1465.0000,1469.9900,1396.0050,1409.5700,1259579
2026-03-13,1417.1500,1445.8500,1408.4300,1418.6400,1271841
2026-03-16,1453.9000,1457.0200,1425.1400,1438.2400,955773
2026-03-17,1446.7200,1485.0000,1434.9000,1481.3500,853628
2026-03-18,1479.3200,1513.0700,1459.1400,1482.3600,882963
2026-03-19,1437.6400,1517.9950,1420.2900,1511.5200,999963
2026-03-20,1511.5200,1534.9999,1457.0500,1498.6700,2188351
2026-03-23,1533.5200,1573.2600,1510.3300,1511.4300,1174081
2026-03-24,1484.8400,1582.4500,1481.7000,1566.1900,782723
2026-03-25,1574.3100,1576.0250,1534.6481,1543.8200,769428
2026-03-26,1503.9100,1514.7900,1445.5100,1451.1300,1091692
2026-03-27,1436.6000,1479.2350,1435.2594,1443.2100,811836
2026-03-30,1469.0000,1473.5800,1374.4300,1382.5800,1001396
2026-03-31,1417.0800,1476.3700,1400.0000,1472.4100,1108052
2026-04-01,1484.2100,1539.9300,1483.8000,1519.8400,880078
2026-04-02,1454.1700,1528.0000,1451.0000,1516.8400,661739
2026-04-06,1522.7800,1541.9993,1517.4100,1540.0600,411954
2026-04-07,1523.6200,1548.9100,1507.2800,1548.8500,527328
2026-04-08,1666.1850,1686.2600,1635.3300,1672.3400,1020389
2026-04-09,1669.8900,1734.7000,1669.1600,1727.2600,939756
2026-04-10,1747.6200,1759.9600,1732.1800,1737.2800,686806
2026-04-13,1734.6400,1771.8200,1720.2700,1768.7800,830286
2026-04-14,1788.7500,1798.0000,1765.4000,1795.9100,871270
2026-04-15,1766.0000,1770.3200,1680.5110,1748.1100,1164162
2026-04-16,1718.5800,1742.0500,1696.4582,1734.8500,832719
2026-04-17,1771.2600,1791.7500,1744.0700,1791.4400,725360