2026-01-20,100.5520,104.8900,100.5520,102.7500,2633453
2026-01-21,102.7500,104.6600,101.4000,104.2600,2819051
2026-01-22,105.5300,107.4600,104.8400,107.2300,2612773
2026-01-23,107.1300,107.6250,103.9987,106.2300,2336827
2026-01-26,106.2400,107.7400,105.0400,107.0000,1827952
2026-01-27,107.2000,107.4800,103.6400,104.5800,2145089
2026-01-28,104.7300,105.1400,100.6600,100.8400,2516605
2026-01-29,101.3700,101.6700,98.5000,100.4600,2531228
2026-01-30,99.8250,99.8800,94.5600,95.2000,4560140
2026-02-02,94.6600,97.8400,94.6600,96.1800,2893141
2026-02-03,97.7900,97.9200,92.8850,93.8800,4130328
2026-02-04,93.3800,94.9200,90.2300,92.1300,3764783
2026-02-05,89.2200,89.7922,82.7200,86.0500,6383515
2026-02-06,86.6700,89.0000,84.3713,85.8500,4327278
2026-02-09,87.0600,89.9200,85.9300,88.5200,3176268
2026-02-10,89.6600,91.8399,88.9750,90.9100,3284916
2026-02-11,91.0900,91.2500,86.6200,87.8900,3749138
2026-02-12,87.5600,89.1300,78.5300,82.9300,11347532
2026-02-13,96.5500,96.5500,86.5801,90.0600,14460952
2026-02-17,87.7600,90.3500,85.4300,88.5800,5912000
2026-02-18,89.4400,91.2700,88.0843,90.2100,4131100
2026-02-19,89.1600,90.9351,88.4500,89.6100,2975033
2026-02-20,89.0600,90.8000,87.9800,89.0600,2873519
2026-02-23,88.0000,88.1600,83.4600,84.4200,3311870
2026-02-24,84.4000,87.7700,84.0897,87.6800,3247834
2026-02-25,88.0300,92.6900,87.2700,92.2800,4071033
2026-02-26,92.1200,94.1500,91.3104,93.4700,2847704
2026-02-27,92.9700,98.4600,92.5200,98.4100,4778495
2026-03-02,96.5600,98.5000,95.5700,98.0900,2469552
2026-03-03,95.7550,96.6000,93.7000,94.0700,5016504
2026-03-04,94.0700,98.9500,93.9400,97.5100,4591835
2026-03-05,98.1500,101.3600,96.9800,98.1100,3218251
2026-03-06,96.5100,100.9600,95.2350,100.5700,3992674
2026-03-09,97.8000,100.2500,94.8750,100.1700,3037468
2026-03-10,100.1700,102.0700,97.5250,100.5500,3411984
2026-03-11,100.5000,103.0500,98.8900,100.7400,2632064
2026-03-12,99.4800,101.9500,94.3500,94.8000,2886935
2026-03-13,95.0800,96.2000,91.2900,91.6500,2961225
2026-03-16,92.2600,96.3600,92.0000,95.1800,2174703
2026-03-17,96.2800,99.2000,95.9700,96.3000,1686410
2026-03-18,96.0600,97.8444,94.8800,95.6600,2812339
2026-03-19,94.7200,96.6450,93.7250,95.8600,2317263
2026-03-20,95.7400,96.0100,91.6800,93.2700,2899618
2026-03-23,94.6500,98.9300,93.9700,97.8100,2568949
2026-03-24,96.6100,97.7257,94.4400,95.5900,2143229
2026-03-25,97.4200,99.2200,93.3100,95.0600,1930867
2026-03-26,92.9300,95.8300,88.2450,89.0300,3424603
2026-03-27,87.7100,88.2350,84.9000,87.1500,2150410
2026-03-30,88.6700,89.7600,87.2650,88.2300,2104548
2026-03-31,89.5500,95.8200,89.5500,94.6200,2796359
2026-04-01,96.0200,97.2800,94.2200,94.9000,1874603
2026-04-02,91.6000,98.8500,90.2300,97.6600,2755225
2026-04-06,98.5400,99.9382,97.2800,98.2000,1944850
2026-04-07,96.9900,100.2300,96.5700,98.5300,2396930
2026-04-08,105.0000,105.7300,100.3050,100.9900,2967928
2026-04-09,100.7300,101.3600,98.0000,100.0400,1916118
2026-04-10,100.8800,102.9300,97.6800,102.4700,2252214
2026-04-13,102.4000,103.8477,100.1100,103.3200,2427950
2026-04-14,104.2000,107.7225,104.1300,106.5400,2558941
2026-04-15,107.0000,109.8800,106.6700,109.3300,2233706
2026-04-16,110.1700,111.9300,108.6000,111.8700,2948087
2026-04-17,113.0000,116.8050,112.3300,116.1900,3105925