2026-01-20,4.5900,4.6300,4.4700,4.5600,45661249
2026-01-21,4.5900,4.7000,4.5300,4.6700,43545837
2026-01-22,4.7000,4.9000,4.6900,4.7700,45891942
2026-01-23,4.7400,4.7500,4.6300,4.6400,36554785
2026-01-26,4.6300,4.7000,4.5700,4.6100,28553626
2026-01-27,4.6450,4.6900,4.6200,4.6400,23785567
2026-01-28,4.8000,4.8400,4.5600,4.5900,46233338
2026-01-29,4.7500,5.0200,4.6400,4.7700,74342116
2026-01-30,4.9300,5.0000,4.6950,4.7000,56900269
2026-02-02,4.6079,4.6100,4.3800,4.5200,66898915
2026-02-03,4.5400,4.5700,4.4300,4.5500,38610198
2026-02-04,4.5450,4.5450,4.3800,4.4400,38375563
2026-02-05,4.7800,4.9100,4.5900,4.7000,122524319
2026-02-06,4.9900,5.2200,4.9300,5.0400,91267878
2026-02-09,4.9100,5.0600,4.7300,4.8900,47468454
2026-02-10,4.9400,5.0750,4.8701,4.9600,31843252
2026-02-11,5.0400,5.0800,4.9200,5.0700,29867644
2026-02-12,5.0300,5.1100,4.9400,4.9500,39710320
2026-02-13,4.8700,5.0200,4.8100,4.9500,31420847
2026-02-17,4.9500,5.0800,4.9000,4.9200,26445165
2026-02-18,4.9750,5.0000,4.9100,4.9100,19631953
2026-02-19,4.8900,4.9300,4.8200,4.9300,19917664
2026-02-20,4.8700,5.1300,4.8700,5.0700,34890452
2026-02-23,5.2000,5.4000,5.1900,5.2900,52513727
2026-02-24,5.3200,5.3400,5.1500,5.3000,35121140
2026-02-25,5.1800,5.2800,5.1500,5.1900,27300008
2026-02-26,5.2000,5.2300,5.0000,5.0900,35795447
2026-02-27,5.0000,5.0119,4.8600,4.8700,30638272
2026-03-02,4.7650,4.7900,4.6400,4.7200,51982540
2026-03-03,4.5600,4.5900,4.4100,4.5900,48562937
2026-03-04,4.6600,4.9300,4.6300,4.8400,52718059
2026-03-05,4.7500,4.8500,4.6200,4.7200,40353762
2026-03-06,4.6900,4.8100,4.6300,4.7800,28381821
2026-03-09,4.7900,4.9800,4.7400,4.9400,44238217
2026-03-10,5.2600,5.7100,5.0800,5.7000,147968654
2026-03-11,5.6900,5.8800,5.4400,5.4700,78327747
2026-03-12,5.5400,5.8150,5.5200,5.5500,57170624
2026-03-13,5.7700,5.9300,5.6600,5.8600,58201888
2026-03-16,5.9950,6.2100,5.9700,6.0300,65321477
2026-03-17,5.9500,6.0500,5.9100,5.9600,35215934
2026-03-18,5.9000,5.9700,5.8200,5.8200,27251024
2026-03-19,5.7200,5.9300,5.6800,5.8900,30031841
2026-03-20,5.8500,5.8600,5.4000,5.4300,52876563
2026-03-23,5.6200,5.8300,5.6000,5.8200,49057681
2026-03-24,5.7300,5.9100,5.7100,5.7300,24420047
2026-03-25,5.9200,5.9400,5.7700,5.7800,28052843
2026-03-26,5.7100,5.8186,5.5400,5.5600,36538340
2026-03-27,5.5300,5.5400,5.2900,5.3100,36976853
2026-03-30,5.5300,5.6100,5.4301,5.5100,44142023
2026-03-31,5.5850,6.1299,5.5300,6.0300,75793705
2026-04-01,6.2000,6.3600,6.0650,6.2000,53209922
2026-04-02,5.9700,6.3000,5.9700,6.3000,34072840
2026-04-06,6.3700,6.4700,6.2150,6.2400,26501592
2026-04-07,6.1700,6.2000,6.0000,6.1400,25738470
2026-04-08,6.4400,6.5400,6.3100,6.3800,37553109
2026-04-09,6.5800,6.6300,6.0200,6.0700,70848769
2026-04-10,6.1400,6.6250,6.1000,6.5000,58937315
2026-04-13,6.5800,6.5900,6.4300,6.4700,28492420
2026-04-14,6.5300,6.6400,6.4600,6.5800,28549167
2026-04-15,6.4800,6.5600,6.4000,6.4300,39512844
2026-04-16,6.6400,6.8800,6.4900,6.8700,43887827
2026-04-17,6.9950,7.0000,6.8000,6.8300,34996388