2026-01-20,154.9500,157.7150,153.2500,154.0700,11759616
2026-01-21,156.3300,157.5250,154.6200,156.3700,9181864
2026-01-22,158.4700,159.4300,156.8100,157.8000,7450265
2026-01-23,157.0400,157.9800,154.8514,155.8200,7106729
2026-01-26,154.8000,156.2000,154.3000,154.5200,8004190
2026-01-27,156.3250,156.7400,152.6600,153.0400,8223917
2026-01-28,152.0000,154.0000,150.4000,152.7000,8538968
2026-01-29,153.0900,153.2300,149.7300,152.2200,9142912
2026-01-30,149.9600,153.0650,149.8300,151.5900,9577248
2026-02-02,150.9700,153.6400,150.8200,152.6200,9099119
2026-02-03,150.7200,150.7200,144.3000,147.1800,11771625
2026-02-04,148.7100,153.4700,148.1700,148.8900,19249273
2026-02-05,132.9200,139.3300,132.7300,136.3000,30229556
2026-02-06,136.8700,139.1500,135.2775,137.3400,15036844
2026-02-09,137.1000,139.9400,136.5000,138.9300,11022743
2026-02-10,138.1450,140.4100,136.7900,140.0900,9762893
2026-02-11,140.0300,142.3900,139.1100,141.0400,9379251
2026-02-12,140.8600,141.5000,136.7400,138.4700,12416602
2026-02-13,137.1200,141.4800,136.7400,140.7000,13134422
2026-02-17,141.0000,143.5000,140.0100,142.6300,10670747
2026-02-18,143.5000,144.4800,140.7200,143.2400,9944518
2026-02-19,141.8750,142.3200,139.9000,141.2700,8219408
2026-02-20,140.3050,144.0700,140.1000,142.8800,10265141
2026-02-23,141.9700,144.0600,139.6400,140.4100,8260065
2026-02-24,142.5550,146.3700,142.0600,144.7800,11085713
2026-02-25,145.6000,146.0250,144.0200,145.8200,7358297
2026-02-26,145.9200,146.9400,144.5200,145.5900,8642078
2026-02-27,142.8550,143.9100,141.3500,142.3600,12439865
2026-03-02,137.8250,142.0050,136.8940,141.0300,8963863
2026-03-03,138.2650,139.2000,136.3000,138.1300,10372448
2026-03-04,138.2200,139.8900,137.4200,139.5100,9309766
2026-03-05,137.5900,139.6600,135.8000,137.0000,8980989
2026-03-06,134.1680,137.1800,133.4200,135.6900,9196954
2026-03-09,133.4900,138.5800,132.4600,138.1100,12304572
2026-03-10,134.7000,136.7450,132.1600,135.2000,10447281
2026-03-11,136.4500,138.1999,133.9600,134.1200,7840195
2026-03-12,133.4700,134.8700,130.6100,131.1500,9162771
2026-03-13,131.1500,133.4150,129.2200,129.8200,7786744
2026-03-16,131.0720,131.8662,128.9400,129.3900,10132856
2026-03-17,133.5200,134.0500,131.1800,131.5900,10544277
2026-03-18,130.7300,132.7350,129.9300,130.4700,9894337
2026-03-19,129.1400,132.6800,128.9000,131.2800,9846723
2026-03-20,131.3100,132.7500,129.7750,129.9000,78568037
2026-03-23,133.1500,133.9700,127.4100,128.3500,11431608
2026-03-24,128.3400,129.1799,127.3100,128.6700,8409239
2026-03-25,130.1600,131.9250,129.9500,130.3500,6669443
2026-03-26,128.7900,132.3400,128.3100,130.5400,11912537
2026-03-27,129.8900,130.0400,126.6750,127.1100,8964912
2026-03-30,127.4500,128.5975,126.3400,127.0700,11555924
2026-03-31,128.3950,129.2900,125.7800,128.7800,12219780
2026-04-01,128.0000,130.2300,126.9800,127.2800,10210654
2026-04-02,125.2300,127.0000,124.0101,126.8000,8575338
2026-04-06,126.5600,127.4300,123.7100,125.7300,8038584
2026-04-07,125.0650,125.4100,121.9900,124.0700,8840394
2026-04-08,128.6500,128.8850,125.6200,127.5100,12535801
2026-04-09,127.2550,128.5900,126.8000,127.7500,9352747
2026-04-10,128.8000,130.6100,127.8500,128.0600,8427437
2026-04-13,128.0000,131.3050,126.4600,131.2400,8614997
2026-04-14,132.2000,132.9350,131.0500,132.8400,7608292
2026-04-15,133.4400,134.3400,132.2800,133.0500,9691504
2026-04-16,131.7900,135.7014,131.7900,134.4700,8163727
2026-04-17,136.6900,136.9650,134.4100,136.2000,9667577