2026-01-20,59.3400,61.2200,59.1500,60.0600,6699253
2026-01-21,61.1900,63.8400,60.9050,63.1300,11093987
2026-01-22,64.9800,65.7700,62.6700,63.0700,8657275
2026-01-23,63.6300,63.8350,60.8300,61.9800,6633716
2026-01-26,61.8100,61.8200,60.4950,61.1300,6086827
2026-01-27,62.0200,63.0750,61.8401,62.6300,6529432
2026-01-28,64.7800,66.8600,64.2600,64.9300,11504017
2026-01-29,63.7500,64.1600,61.3100,62.2000,9636716
2026-01-30,61.6100,62.2500,59.0800,59.8900,13349863
2026-02-02,59.7650,62.3300,59.5950,61.5300,7687103
2026-02-03,60.8500,61.1800,57.5900,59.4300,11049523
2026-02-04,59.0000,62.7300,58.7400,62.0600,14994587
2026-02-05,61.4400,63.1400,60.8500,63.1000,10668408
2026-02-06,64.2100,65.4500,63.3100,65.2000,13001356
2026-02-09,64.8200,65.9200,64.6200,65.1000,13056135
2026-02-10,64.7350,68.8000,64.1539,67.3800,19279261
2026-02-11,69.2400,71.6800,68.7500,71.1800,12273010
2026-02-12,71.0500,73.6300,70.1700,70.6300,12949593
2026-02-13,70.2800,72.2650,69.4850,72.2100,9388119
2026-02-17,72.1100,73.1000,70.7500,71.9600,6671984
2026-02-18,73.5550,73.7600,70.0150,70.6600,8957063
2026-02-19,69.8100,70.2200,67.0200,68.0900,7998283
2026-02-20,67.7900,69.7000,67.6101,69.1100,5272520
2026-02-23,68.9500,70.2000,68.0400,69.4700,4620366
2026-02-24,69.9900,72.0200,69.0400,70.0300,5699585
2026-02-25,71.2750,72.1000,69.3800,69.6800,7332040
2026-02-26,69.8000,69.8250,67.0300,68.1600,7911193
2026-02-27,66.8700,67.3200,65.5600,66.4800,9310386
2026-03-02,65.1200,66.4800,63.9600,66.4800,5623985
2026-03-03,63.7900,64.4500,62.3800,63.4200,8581342
2026-03-04,64.5000,64.6300,62.1650,62.5300,7496795
2026-03-05,61.3200,62.4300,59.5900,60.8500,8136630
2026-03-06,58.4900,58.9900,56.6200,56.8700,10650786
2026-03-09,55.9700,59.3200,54.9900,59.2300,9905558
2026-03-10,59.2500,60.9800,58.5750,59.5900,7499236
2026-03-11,59.6500,60.6250,58.6500,59.2400,4227613
2026-03-12,58.2400,58.9285,57.3600,57.6900,6692918
2026-03-13,58.3800,59.5500,57.6800,58.5500,7557985
2026-03-16,59.9150,60.8500,59.4200,59.8800,6515395
2026-03-17,60.3900,61.3350,60.1800,60.9800,4801038
2026-03-18,60.7900,61.8200,60.4100,60.4600,5069638
2026-03-19,59.0020,60.5100,58.5000,59.2900,7560771
2026-03-20,59.2600,60.3400,58.2800,59.2600,12540832
2026-03-23,60.8100,61.6400,59.6800,59.8900,5353451
2026-03-24,59.0400,63.0700,59.0400,62.3400,6831554
2026-03-25,63.8800,64.3500,62.7100,63.1000,5537569
2026-03-26,61.8000,62.5700,60.5700,60.8700,7461991
2026-03-27,61.3900,61.3900,57.9400,58.3500,7136714
2026-03-30,58.6200,59.4400,55.0250,55.6600,8398489
2026-03-31,57.3250,62.1600,57.0000,61.9200,12771737
2026-04-01,62.7800,63.6850,61.9600,62.2000,6716169
2026-04-02,59.7750,62.4800,59.7200,62.1900,7072318
2026-04-06,62.9200,64.6200,62.5600,63.4900,5306316
2026-04-07,63.2500,64.0000,61.9100,63.7900,5490322
2026-04-08,67.5000,68.5200,66.3800,68.3800,9810434
2026-04-09,68.4800,69.0700,67.9000,68.4900,5812381
2026-04-10,69.1400,70.1100,68.1400,68.6500,6275757
2026-04-13,70.3000,71.3100,68.8100,71.0200,7823533
2026-04-14,71.7400,72.5300,70.8050,72.0500,7271753
2026-04-15,71.6350,72.5500,71.0900,72.4300,6025398
2026-04-16,74.3650,80.5000,73.9800,79.9300,19322716
2026-04-17,80.3400,83.5200,79.7800,83.0100,15737832