2026-01-20,162.5100,163.7000,158.6100,159.6200,2348096
2026-01-21,160.8700,161.5000,157.6250,159.0000,1808599
2026-01-22,159.6500,160.4700,158.1900,158.7100,1751355
2026-01-23,159.0100,160.7900,157.1500,159.1600,1397868
2026-01-26,159.8800,163.4100,159.6000,161.5700,2288862
2026-01-27,161.6300,165.2300,160.0000,163.1600,1583905
2026-01-28,163.5100,164.9200,162.5000,163.2100,1383882
2026-01-29,164.5000,168.4000,163.3400,167.4400,2287446
2026-01-30,166.7400,167.3700,163.8200,165.9500,2090153
2026-02-02,164.9100,167.4000,164.1700,165.1100,1828538
2026-02-03,165.2100,167.3500,162.3700,164.4500,1961094
2026-02-04,165.5800,167.3900,164.4600,166.7900,2019584
2026-02-05,167.1200,168.0000,162.6100,164.6500,2359091
2026-02-06,167.6200,173.9000,166.7600,171.6200,3404303
2026-02-09,170.4500,173.1300,167.7900,172.1300,2249090
2026-02-10,171.6200,173.4800,168.6400,172.5300,2153071
2026-02-11,171.9700,174.6500,171.2700,174.5700,1552334
2026-02-12,179.1700,184.7900,176.9900,180.3100,4574615
2026-02-13,181.5000,182.0000,178.9900,180.9700,2374889
2026-02-17,180.8900,182.5500,178.4850,179.8900,2213591
2026-02-18,179.7000,179.9750,175.2200,176.0200,2283699
2026-02-19,176.2900,177.5300,175.7650,176.9000,1299500
2026-02-20,175.9900,177.0000,174.7101,175.6800,1379710
2026-02-23,174.5500,177.0050,174.1200,176.0900,1598341
2026-02-24,176.0600,178.5200,174.4700,178.2400,1373277
2026-02-25,179.1100,180.2100,178.0600,179.5900,1939019
2026-02-26,180.0900,180.4900,174.7772,176.3700,1992778
2026-02-27,175.0500,177.8700,174.2770,177.2000,3258337
2026-03-02,175.1400,178.9900,173.7900,178.6900,1513396
2026-03-03,175.6450,179.1300,174.6200,178.1300,1506092
2026-03-04,178.1400,183.1800,177.0400,182.6200,1840593
2026-03-05,181.0000,181.7500,177.7400,179.7500,3080478
2026-03-06,179.3600,182.1350,175.9800,176.1900,2745718
2026-03-09,173.9000,179.8100,172.9101,179.6500,2098577
2026-03-10,179.5100,183.1350,179.5100,180.8600,1771721
2026-03-11,180.4000,183.5200,179.4000,180.5900,2898384
2026-03-12,179.6400,181.2400,178.2101,180.4000,1878657
2026-03-13,179.9400,181.8800,179.2400,179.6100,1576774
2026-03-16,181.9400,182.9500,180.8600,181.2500,2081992
2026-03-17,182.7500,182.7500,179.8100,180.3900,1611895
2026-03-18,180.3400,181.4100,178.7100,178.9400,1348703
2026-03-19,177.8900,179.9000,176.7100,179.8500,1447362
2026-03-20,179.9900,180.2750,173.0800,173.3000,3062728
2026-03-23,176.4200,177.9600,175.2400,176.4700,1579635
2026-03-24,176.5700,178.7700,174.6100,174.7100,1426823
2026-03-25,177.1300,178.0900,174.8400,176.4300,1266204
2026-03-26,175.1900,177.3499,174.4050,174.7500,1133066
2026-03-27,173.9400,176.4590,173.5000,175.4200,1490571
2026-03-30,177.4700,178.7000,174.1500,175.1800,2528120
2026-03-31,177.1100,181.9700,176.5450,180.2100,3178882
2026-04-01,180.9100,182.7200,179.5100,180.4500,1906506
2026-04-02,179.5100,182.7100,179.2000,181.6900,1693920
2026-04-06,181.5900,183.0000,180.4800,181.9900,1341267
2026-04-07,181.2200,182.8600,179.2000,182.4200,1255987
2026-04-08,186.3900,186.4500,182.3000,185.6300,4000388
2026-04-09,185.7200,190.0800,185.4148,188.1500,2749221
2026-04-10,188.2100,189.3700,187.7350,188.8700,1317106
2026-04-13,188.2400,191.9000,187.8750,191.8500,1559901
2026-04-14,192.6800,196.4100,191.7900,195.7900,1766082
2026-04-15,195.2400,195.9700,193.0250,195.6900,1672876
2026-04-16,196.2800,199.0500,196.2800,199.0500,1462455
2026-04-17,199.4550,204.2100,199.2200,203.6200,2063349