2026-01-20,35.5500,39.9400,35.3700,39.2600,4069031
2026-01-21,39.4100,40.0000,35.5400,38.3800,3450340
2026-01-22,39.9900,41.3900,38.0100,38.1500,4269073
2026-01-23,37.9000,37.9000,35.6800,35.7200,2976162
2026-01-26,35.5700,36.7493,34.5400,34.8900,3242980
2026-01-27,35.9900,38.0000,35.1000,37.3900,3121286
2026-01-28,37.8700,46.2999,37.6550,45.2300,11717721
2026-01-29,42.9300,43.0000,37.1500,39.5700,8572103
2026-01-30,41.0700,48.3100,40.7501,43.6100,12000992
2026-02-02,42.0100,49.1100,42.0100,44.1600,8889389
2026-02-03,46.2000,47.4400,42.2500,46.1200,5606904
2026-02-04,47.0000,47.0100,37.9901,39.9000,7206197
2026-02-05,38.5750,40.3999,37.0183,38.1300,3848667
2026-02-06,40.1500,44.7900,39.6400,44.3000,5410388
2026-02-09,43.6450,49.1300,43.1100,47.9100,5961891
2026-02-10,47.5250,50.1000,47.0300,48.4900,4352321
2026-02-11,49.1150,50.8000,45.3001,48.4000,3537914
2026-02-12,48.8600,48.9500,42.5100,43.9900,4200121
2026-02-13,44.1000,46.6623,42.0500,44.4600,2745300
2026-02-17,43.2000,45.4900,41.1200,43.9100,3326930
2026-02-18,44.3400,44.6750,42.5600,43.4400,1858639
2026-02-19,43.2500,47.0000,42.7100,46.9800,3208438
2026-02-20,46.0000,54.3000,45.9601,51.6800,7979689
2026-02-23,50.5200,55.0850,49.9500,53.9600,6239108
2026-02-24,52.8800,56.6100,51.0000,56.2700,4197545
2026-02-25,57.2000,59.2500,56.8490,58.1200,3648960
2026-02-26,58.3100,58.9800,52.8500,53.6900,5508372
2026-02-27,65.9300,84.3100,65.5680,84.2300,24336515
2026-03-02,107.5500,110.0000,93.7800,102.5100,26983543
2026-03-03,91.5000,97.4000,86.0500,95.3400,16881849
2026-03-04,101.2000,101.4970,92.2200,99.7100,10474470
2026-03-05,97.4900,102.2800,91.3500,101.1400,10217741
2026-03-06,98.0000,114.6300,95.0700,95.5800,15240659
2026-03-09,95.1750,110.8700,93.7300,110.6200,13837953
2026-03-10,112.1000,127.3900,112.0100,120.4900,13617299
2026-03-11,118.5500,128.9600,113.8800,127.0100,10310449
2026-03-12,115.5300,116.9100,104.9800,106.1900,15398431
2026-03-13,104.3700,105.3850,94.1500,96.8100,14962137
2026-03-16,100.0000,101.3200,92.9000,94.0700,10815613
2026-03-17,90.0700,91.8500,85.0800,86.3300,16650031
2026-03-18,95.3400,100.0700,91.2300,92.6300,15330926
2026-03-19,89.1250,102.1000,88.5000,101.9200,11294012
2026-03-20,101.9850,102.6900,84.6000,87.5400,12205171
2026-03-23,90.0000,96.0900,84.9200,95.7600,10729826
2026-03-24,96.6900,114.9700,96.3550,113.9000,16895723
2026-03-25,110.1200,118.7500,109.0100,114.4100,11312997
2026-03-26,111.0000,111.6600,96.7050,97.4200,9617264
2026-03-27,101.2000,101.5000,94.1800,98.2100,7600872
2026-03-30,99.7400,100.5050,81.9100,85.1900,13584815
2026-03-31,86.6850,87.5700,78.5750,84.5900,13094269
2026-04-01,90.1500,95.8100,85.0000,86.3500,12788812
2026-04-02,81.6000,105.5700,81.5100,103.9100,20043585
2026-04-06,110.0450,117.2300,105.1000,107.4500,16994199
2026-04-07,108.8300,118.7000,108.7800,117.6400,12271392
2026-04-08,125.1200,134.4899,119.0300,132.7000,15028898
2026-04-09,132.7250,145.1000,127.1100,133.3000,16929459
2026-04-10,139.7450,154.7500,128.0200,150.6000,21901680
2026-04-13,148.5300,155.4000,143.5000,153.1900,11023252
2026-04-14,154.5050,154.7064,142.1600,146.3900,10767333
2026-04-15,142.5200,145.9899,135.1000,142.5500,9638320
2026-04-16,140.0000,157.3996,136.3600,157.3200,10688873
2026-04-17,160.6200,161.4699,152.5000,159.4200,8713142