2026-01-20,190.2350,192.4300,187.9500,189.5900,8283439
2026-01-21,191.4500,196.1300,191.2550,194.4100,7272013
2026-01-22,197.3000,199.4300,193.6800,194.9900,7264015
2026-01-23,195.7600,196.4100,191.1300,193.3100,6691594
2026-01-26,193.3100,196.8400,192.4400,196.5900,9169319
2026-01-27,194.6900,198.4100,194.3400,196.6300,9849238
2026-01-28,203.8600,216.5850,203.7200,216.1700,19603428
2026-01-29,216.4000,222.0000,214.8200,218.9700,14120032
2026-01-30,216.0600,216.4600,213.0550,215.5500,9086826
2026-02-02,215.4350,225.2600,214.8400,225.0100,11194865
2026-02-03,224.2400,228.8300,222.7000,225.2100,15143252
2026-02-04,222.1250,228.2900,218.6600,222.9200,14542521
2026-02-05,221.6500,225.8200,218.8950,223.9800,11044162
2026-02-06,225.6300,226.7600,218.5850,221.4400,9397495
2026-02-09,221.2600,222.1550,218.2400,218.7700,9246720
2026-02-10,216.8300,222.0800,216.1300,220.9200,5100983
2026-02-11,223.1250,231.3200,223.1250,226.5600,9132636
2026-02-12,226.6800,229.5000,221.8700,223.0000,8474705
2026-02-13,221.6650,226.8850,221.5400,226.1600,5011904
2026-02-17,226.5300,228.4513,222.8100,225.6900,5454801
2026-02-18,229.8800,230.0000,221.3600,223.3200,6668107
2026-02-19,221.1500,222.0400,217.4200,218.0500,5002233
2026-02-20,216.7400,220.2000,216.5300,219.7300,5457860
2026-02-23,218.9000,222.7900,218.9000,219.8600,7877434
2026-02-24,220.7200,224.1700,209.5900,213.3500,9494346
2026-02-25,214.4000,215.9000,210.2300,213.9000,6997258
2026-02-26,214.4500,216.0900,210.1500,212.6300,6041537
2026-02-27,211.2300,212.6300,208.2500,212.1100,8275221
2026-03-02,211.0400,211.4700,207.3100,209.8200,6811320
2026-03-03,205.8900,206.5699,201.7550,202.6700,7496468
2026-03-04,204.3600,205.3100,201.5000,202.3900,5451504
2026-03-05,200.9100,201.9400,194.7650,197.9800,8053739
2026-03-06,192.5000,195.0500,191.1501,193.2300,7220588
2026-03-09,192.7500,197.1600,189.6800,196.2000,7597885
2026-03-10,195.6400,200.1800,195.4500,197.4600,5929153
2026-03-11,198.5800,201.4300,197.4900,198.6700,4996834
2026-03-12,193.6500,194.7600,189.7500,190.0500,8156760
2026-03-13,191.4700,193.7500,190.1400,190.7800,3688423
2026-03-16,194.3200,196.2600,192.4300,194.1300,4754851
2026-03-17,195.8650,196.4300,193.7700,194.4500,3385327
2026-03-18,194.4400,195.5400,189.9900,190.7800,5069242
2026-03-19,187.7650,190.0000,184.9000,188.2900,5868135
2026-03-20,188.5200,190.3300,185.8400,187.1900,15025199
2026-03-23,194.6000,194.9700,188.4300,188.6300,7453155
2026-03-24,186.9500,196.4000,186.9500,194.6300,7015230
2026-03-25,197.5200,198.9700,195.5200,196.7700,4506210
2026-03-26,196.1000,197.0700,192.8800,193.4100,6314550
2026-03-27,191.7100,192.9650,189.3300,190.3300,5792752
2026-03-30,191.6100,192.7100,184.9450,186.4200,6024676
2026-03-31,190.2800,194.5550,188.4700,194.1400,7278167
2026-04-01,194.2800,197.2600,194.2800,196.3000,5432039
2026-04-02,192.3800,196.0650,191.0000,194.8700,3408114
2026-04-06,196.9900,199.5600,195.9001,199.4200,4235605
2026-04-07,198.5100,200.3800,195.4630,199.7350,4658952
2026-04-08,206.6450,209.8600,206.1600,208.9000,7454593
2026-04-09,212.5650,215.9300,210.8800,214.9800,5499062
2026-04-10,216.3800,217.3150,213.9200,214.7300,4267957
2026-04-13,213.9450,217.2000,212.1100,216.7100,4630516
2026-04-14,217.1900,219.4900,214.3500,218.8700,5495242
2026-04-15,217.5600,218.3050,211.7000,216.2900,4459624
2026-04-16,216.7200,224.0200,216.7200,223.1000,6709030
2026-04-17,228.2600,230.5300,224.6700,229.8200,7091684