2026-01-20,146.2150,147.6600,144.3200,147.6600,9948200
2026-01-21,147.0500,148.0100,144.9400,146.7400,7679571
2026-01-22,146.6800,147.1300,144.1700,144.4000,8167356
2026-01-23,143.8600,144.8400,143.0600,144.5800,5870098
2026-01-26,144.8000,145.9200,144.1400,145.8700,6589570
2026-01-27,145.7500,148.8200,145.3300,148.7800,7108844
2026-01-28,148.4100,150.0400,147.7600,148.5000,5954075
2026-01-29,148.8350,150.8600,148.4400,148.6900,9062259
2026-01-30,149.0100,153.8900,148.5900,153.6300,12641264
2026-02-02,154.0600,156.6200,153.1900,155.2000,14660510
2026-02-03,156.6000,163.4400,155.5001,162.8500,19081514
2026-02-04,164.8900,167.9400,164.1700,166.1800,13322904
2026-02-05,166.5100,168.0100,165.2500,167.5300,11038833
2026-02-06,167.4500,170.7500,167.2550,170.4900,10960439
2026-02-09,169.5000,169.9300,164.9415,166.4700,10316236
2026-02-10,165.7500,167.4074,163.7400,166.9700,10352922
2026-02-11,167.6500,170.2700,166.0200,169.1500,6733819
2026-02-12,169.7600,171.4800,167.0900,167.2000,9516273
2026-02-13,167.2000,167.8800,164.9950,165.9400,9286336
2026-02-17,166.1200,167.5400,160.8100,161.9200,8749818
2026-02-18,161.7900,164.5300,160.6321,164.3900,7239829
2026-02-19,164.3900,165.0500,163.1311,164.5900,6155811
2026-02-20,164.6500,164.9700,163.0200,164.9400,4811816
2026-02-23,164.4900,168.8100,164.2400,168.3200,6801623
2026-02-24,168.2300,169.7850,167.7701,169.5400,6319783
2026-02-25,168.6100,169.5000,166.0000,169.1700,6832706
2026-02-26,169.6300,170.0600,167.1600,167.5800,7219301
2026-02-27,168.3800,170.2800,167.8200,169.7400,10585165
2026-03-02,169.0450,169.5400,167.1400,167.2800,7263987
2026-03-03,166.5400,167.2200,163.6700,164.9100,6718114
2026-03-04,165.0400,165.9300,163.3700,163.9200,6855436
2026-03-05,162.1600,163.4000,160.1600,160.7000,7133688
2026-03-06,158.2500,159.5300,156.0850,159.4300,5938308
2026-03-09,159.1700,162.4300,158.0950,161.5300,6415969
2026-03-10,160.7000,162.8600,159.5900,160.7800,5341336
2026-03-11,160.3100,160.9050,157.8900,160.1500,4360726
2026-03-12,158.8700,161.5400,158.6900,158.8600,6165981
2026-03-13,159.7800,161.5100,159.2400,159.8800,4676821
2026-03-16,161.3600,161.5800,157.5400,157.7200,4498710
2026-03-17,158.8300,159.1100,156.2900,156.5000,5460242
2026-03-18,155.2500,156.1200,153.2900,153.5400,5124370
2026-03-19,153.7450,154.6800,152.6600,152.7400,5555526
2026-03-20,152.4500,153.4100,149.3400,150.0400,14480711
2026-03-23,152.3000,152.3000,149.9400,150.8800,6783206
2026-03-24,150.4500,152.5750,150.1950,150.5900,5804024
2026-03-25,151.2950,151.8400,149.0300,151.7300,4978532
2026-03-26,151.9300,153.1500,150.6700,150.8300,5677124
2026-03-27,151.1400,154.5400,150.4700,153.0400,6663855
2026-03-30,153.8200,158.3900,153.3701,156.8200,10386795
2026-03-31,157.6700,157.6700,154.1700,155.2900,8033786
2026-04-01,153.5500,155.1500,153.2600,154.6500,5412574
2026-04-02,154.6600,157.0600,154.2187,157.0100,5409982
2026-04-06,156.4100,156.8600,155.4000,156.7300,3562848
2026-04-07,156.1800,156.5400,152.5720,153.2100,5151133
2026-04-08,151.8800,154.8200,151.7528,154.8000,6878878
2026-04-09,153.7000,158.0100,153.2500,157.4900,4339799
2026-04-10,157.1600,157.7900,156.3250,157.0600,4412742
2026-04-13,156.9900,157.0300,154.9500,155.8800,5827814
2026-04-14,154.5100,156.6250,154.2900,155.7200,5655766
2026-04-15,155.0200,155.7599,153.3400,154.8500,7684834
2026-04-16,155.5400,159.7900,154.2627,158.3800,10422054
2026-04-17,158.2550,160.0250,156.4700,157.6700,7799930