2026-01-20,74.1100,75.6000,73.5500,75.4600,6783391
2026-01-21,75.8100,76.0200,74.7100,75.7500,6368333
2026-01-22,76.4900,77.8100,76.3300,77.6200,4853317
2026-01-23,83.5000,85.0600,81.1000,81.6400,10960135
2026-01-26,81.6500,83.1300,81.0350,83.0700,5708765
2026-01-27,83.2100,83.5600,81.2610,81.7100,4802418
2026-01-28,82.1800,82.5500,81.6400,82.0800,3918001
2026-01-29,81.5000,82.1119,79.7400,81.5100,6266330
2026-01-30,80.6400,81.4800,80.1800,81.2600,7499086
2026-02-02,80.8600,82.3600,80.1500,81.2900,7788476
2026-02-03,80.9800,81.2250,77.7900,79.3000,6480002
2026-02-04,78.8700,81.4500,77.7900,81.1200,7824848
2026-02-05,80.9500,81.7750,78.0300,78.9300,12691303
2026-02-06,81.8000,83.5200,77.2700,82.7600,15226285
2026-02-09,82.2700,86.1700,81.3700,85.9300,9897365
2026-02-10,86.3500,87.4900,85.1700,85.5300,7859108
2026-02-11,85.4050,88.3000,84.2000,87.8200,7987298
2026-02-12,87.5500,88.6000,82.9700,84.2600,7805844
2026-02-13,84.5500,86.5250,83.6025,85.5600,8091564
2026-02-17,85.1700,85.4150,81.0501,81.6900,6061050
2026-02-18,80.8950,81.2600,79.3400,80.6900,5853284
2026-02-19,81.0050,81.7700,80.2400,81.6700,4584064
2026-02-20,81.1700,83.0800,79.4000,80.0000,6703785
2026-02-23,78.4200,79.4800,74.6550,75.6000,8323485
2026-02-24,75.3700,77.0500,74.3100,75.2300,10049416
2026-02-25,74.4900,77.6000,74.3500,77.3500,5527365
2026-02-26,77.3150,79.7400,76.8500,79.2000,5872046
2026-02-27,77.3000,79.1200,76.6400,79.0300,7548444
2026-03-02,78.2900,79.7700,77.5600,79.1800,5247309
2026-03-03,77.2600,81.9800,77.1900,81.1000,7475639
2026-03-04,81.0400,83.9800,80.9500,82.7900,6280667
2026-03-05,82.2750,84.7300,82.2500,84.4200,5551955
2026-03-06,83.9900,84.4800,82.9000,83.6700,5658029
2026-03-09,83.0600,84.6000,82.1800,83.8100,6446862
2026-03-10,84.2850,85.0500,81.6200,84.2000,5829426
2026-03-11,84.3000,85.3700,82.3500,83.4800,5438107
2026-03-12,82.9200,85.0700,82.3050,84.4000,5220944
2026-03-13,84.4000,85.1000,82.8100,83.4400,3963591
2026-03-16,84.3900,85.8600,83.9700,84.4900,5725392
2026-03-17,84.5750,86.4200,83.0600,83.1600,3938457
2026-03-18,82.4350,84.3317,82.2000,83.3900,4343642
2026-03-19,83.5150,84.9515,82.2900,83.1200,4539210
2026-03-20,82.9600,82.9600,80.2700,81.4000,16257840
2026-03-23,82.0100,83.7200,81.2200,82.7700,4999994
2026-03-24,82.3300,82.8000,79.1200,79.3400,6173962
2026-03-25,80.1300,81.5200,78.4600,78.8900,6053060
2026-03-26,78.2900,81.7200,78.2900,81.0300,4489084
2026-03-27,79.6900,79.6900,76.4150,78.2000,8771172
2026-03-30,78.1100,80.9400,78.0800,79.0500,7015850
2026-03-31,79.7500,81.8300,79.5550,81.7200,6045467
2026-04-01,81.7650,82.1400,80.0000,81.1500,5255602
2026-04-02,80.8500,82.5600,80.0200,82.5300,4139278
2026-04-06,82.7400,83.3800,81.8300,82.2900,3459331
2026-04-07,81.8600,83.9500,81.6250,83.7200,5591479
2026-04-08,85.0950,86.1400,82.2800,83.5100,5955205
2026-04-09,83.2650,83.7100,79.5600,80.6600,6656947
2026-04-10,80.5200,80.5200,76.0143,76.7000,12401093
2026-04-13,76.9500,78.8000,76.1000,78.7400,6716297
2026-04-14,79.0600,80.0229,77.7250,78.7000,5838513
2026-04-15,78.8200,80.0650,77.4100,79.6400,6151370
2026-04-16,79.9800,82.5000,79.8900,82.4000,5517870
2026-04-17,83.9500,84.2500,81.0200,81.8400,4968406