2026-01-20,47.3000,50.2300,47.0000,48.5600,148554292
2026-01-21,50.3200,54.4100,50.1500,54.2500,220565312
2026-01-22,54.2100,54.6000,53.0800,54.3200,190066397
2026-01-23,46.8600,48.1300,44.4500,45.0700,294675401
2026-01-26,44.2800,44.4600,42.2750,42.4900,149407768
2026-01-27,43.9700,44.5300,43.0990,43.9300,115345047
2026-01-28,46.6000,49.2850,46.3200,48.7800,201995055
2026-01-29,47.5600,48.7700,46.9900,48.6600,124256563
2026-01-30,48.9750,49.5777,45.9600,46.4700,114920097
2026-02-02,45.6300,49.8400,45.5000,48.8100,101414583
2026-02-03,50.0550,51.4900,48.4300,49.2500,117661019
2026-02-04,49.5400,49.6980,47.0000,48.6000,128702304
2026-02-05,47.5900,50.8600,46.7850,48.2400,114307769
2026-02-06,49.1000,51.3000,48.8300,50.5900,115600223
2026-02-09,49.5900,51.2200,47.5900,50.2400,94841413
2026-02-10,50.4100,50.5393,46.7650,47.1300,99832891
2026-02-11,48.1100,49.5500,46.8600,48.2900,107681221
2026-02-12,47.8000,48.9500,46.1900,46.4800,88321152
2026-02-13,45.7600,47.6900,44.9700,46.7900,69740424
2026-02-17,45.9300,46.8299,45.4550,46.1800,65802171
2026-02-18,45.9150,46.7700,44.8800,45.4600,65306065
2026-02-19,44.9500,45.1700,43.9200,44.6200,72724938
2026-02-20,43.8900,44.3900,42.8800,44.1100,90743566
2026-02-23,44.0900,44.5500,43.1800,43.6300,57130909
2026-02-24,44.0950,46.6000,43.5400,46.1200,98872271
2026-02-25,46.0900,46.9700,45.0800,46.8800,75645295
2026-02-26,46.7700,46.9500,44.3900,45.4600,71457507
2026-02-27,44.4600,46.5600,44.4000,45.6100,79327248
2026-03-02,44.2000,45.8100,43.9500,45.5000,60705104
2026-03-03,43.4400,43.6850,42.1400,43.1000,83971029
2026-03-04,44.0700,46.1250,43.2700,45.5800,96628102
2026-03-05,44.8700,46.4800,44.7000,45.9500,78229421
2026-03-06,44.6700,45.1800,43.2800,43.4200,74698310
2026-03-09,42.7400,45.7600,41.6400,45.5800,82937382
2026-03-10,45.4100,47.8750,45.4100,46.7800,85233306
2026-03-11,46.8150,48.8300,46.6600,47.9800,72480566
2026-03-12,47.4000,47.4350,45.1700,45.2500,85110211
2026-03-13,45.9700,46.6500,45.3900,45.7700,68386151
2026-03-16,47.9100,49.1700,45.6900,45.7600,114199390
2026-03-17,46.0800,46.0800,43.9100,44.0600,89061571
2026-03-18,44.2000,45.7050,44.0520,45.0300,78056208
2026-03-19,43.9900,46.4400,43.6500,46.1800,74051501
2026-03-20,46.9500,47.5500,43.6420,43.8700,162814210
2026-03-23,44.5000,45.4600,43.7400,44.0100,80772210
2026-03-24,43.5350,44.3100,43.2000,44.0600,65323531
2026-03-25,45.8500,47.8450,45.4500,47.1800,97467909
2026-03-26,46.2950,46.6000,43.9150,44.1000,82841371
2026-03-27,43.6200,44.1300,42.8600,43.1300,70002236
2026-03-30,43.7200,43.9900,40.6300,41.1900,84596011
2026-03-31,41.9500,44.2300,41.6000,44.1300,95294892
2026-04-01,45.0000,48.7700,44.9800,48.0300,129598509
2026-04-02,46.0600,50.4900,46.0400,50.3800,117134237
2026-04-06,50.8800,52.3850,49.8700,50.7800,79978811
2026-04-07,51.9050,53.2700,51.2150,52.9100,129543837
2026-04-08,55.3650,59.1700,54.8000,58.9500,184599933
2026-04-09,58.4000,62.0799,58.3900,61.7200,155609887
2026-04-10,61.5200,63.3900,60.7500,62.3800,98624438
2026-04-13,62.1800,65.6500,62.1800,65.1800,112110972
2026-04-14,65.1600,65.1800,62.0890,63.8100,112796097
2026-04-15,63.7700,65.8400,62.8750,64.9400,92051518
2026-04-16,64.9300,68.6100,64.2720,68.5000,108328309
2026-04-17,68.8500,70.3250,67.7350,68.5000,118831534